timestamp,open,high,low,close,volume,quote_volume,trades,close_time
1709150400000,0.2649,0.2773,0.2625,0.2764,11673046.8,3160471.72242,26939,1709164799999
1709164800000,0.2763,0.2786,0.2723,0.2768,8497980.7,2340893.79607,21847,1709179199999
1709179200000,0.2768,0.2843,0.2764,0.2824,10119742.0,2843760.44186,26503,1709193599999
1709193600000,0.2825,0.2858,0.2797,0.2817,9082597.3,2567568.51007,25211,1709207999999
1709208000000,0.2816,0.2902,0.2789,0.2895,15565680.8,4452153.83747,36161,1709222399999
1709222400000,0.2896,0.2901,0.2800,0.2831,13608204.3,3863718.16773,39653,1709236799999
1709236800000,0.2831,0.2861,0.2695,0.2790,15111591.2,4194404.97054,45213,1709251199999
1709251200000,0.2791,0.2860,0.2791,0.2827,7534991.0,2133807.82899,22704,1709265599999
1709265600000,0.2826,0.2853,0.2811,0.2818,4581267.7,1297848.92345,13433,1709279999999
1709280000000,0.2819,0.2883,0.2810,0.2881,5232279.3,1495222.40913,14953,1709294399999
1709294400000,0.2881,0.2934,0.2865,0.2905,17343995.4,5031468.57450,37338,1709308799999
1709308800000,0.2905,0.2948,0.2892,0.2931,8582034.9,2508388.49127,21019,1709323199999
1709323200000,0.2931,0.2988,0.2928,0.2985,6305692.6,1867773.47764,18831,1709337599999
1709337600000,0.2985,0.3454,0.2985,0.3283,133565546.9,44227230.95824,314129,1709351999999
1709352000000,0.3283,0.3331,0.3214,0.3296,34476780.2,11274487.72987,77199,1709366399999
1709366400000,0.3295,0.3318,0.3237,0.3251,27842613.8,9130843.35198,68008,1709380799999
1709380800000,0.3252,0.3350,0.3203,0.3250,37884436.4,12398951.09509,79950,1709395199999
1709395200000,0.3250,0.3290,0.3224,0.3258,15019634.3,4894263.80614,33029,1709409599999
1709409600000,0.3258,0.3345,0.3234,0.3332,15060510.2,4952783.58053,34381,1709423999999
1709424000000,0.3331,0.3333,0.3138,0.3189,38574852.3,12336854.91208,73512,1709438399999
1709438400000,0.3190,0.3200,0.2827,0.3040,36458575.8,11188399.85839,68563,1709452799999
1709452800000,0.3041,0.3145,0.3014,0.3128,23909540.9,7379309.83116,47662,1709467199999
1709467200000,0.3128,0.3223,0.3103,0.3163,31367278.1,9916310.41423,44555,1709481599999
1709481600000,0.3162,0.3198,0.3107,0.3193,19349989.1,6075053.32842,32224,1709495999999
1709496000000,0.3193,0.3198,0.3152,0.3180,8485896.7,2694955.35559,19063,1709510399999
1709510400000,0.3180,0.3207,0.3106,0.3196,21591595.8,6847320.40571,52490,1709524799999
1709524800000,0.3196,0.3298,0.3179,0.3271,16232148.0,5261134.25417,35862,1709539199999
1709539200000,0.3271,0.3476,0.3265,0.3313,52751706.3,17805992.08190,85384,1709553599999
1709553600000,0.3313,0.3381,0.3226,0.3282,26944866.6,8893927.04999,50659,1709567999999
1709568000000,0.3282,0.3298,0.3160,0.3285,23658730.0,7647418.46474,54348,1709582399999
1709582400000,0.3286,0.3332,0.3251,0.3287,11325634.5,3726250.90837,27301,1709596799999
1709596800000,0.3288,0.3361,0.3203,0.3242,21100347.6,6899767.28204,53721,1709611199999
1709611200000,0.3242,0.3269,0.3121,0.3225,25094161.8,8054097.85805,62153,1709625599999
1709625600000,0.3225,0.3350,0.3192,0.3328,16560556.6,5439178.29668,37650,1709639999999
1709640000000,0.3329,0.3356,0.3237,0.3252,25653628.2,8508626.58794,60627,1709654399999
1709654400000,0.3252,0.3286,0.2570,0.2822,58858037.6,18108258.78648,141439,1709668799999
1709668800000,0.2821,0.3028,0.2765,0.3011,28833186.2,8343185.13079,80914,1709683199999
1709683200000,0.3011,0.3084,0.2904,0.2997,15086614.9,4526075.17185,39680,1709697599999
1709697600000,0.2997,0.3198,0.2995,0.3184,16956453.8,5293960.93857,40946,1709711999999
1709712000000,0.3184,0.3239,0.3139,0.3210,19446729.1,6224230.35182,41301,1709726399999
1709726400000,0.3210,0.3215,0.3060,0.3199,27642706.1,8664688.02685,69243,1709740799999
1709740800000,0.3199,0.3214,0.3151,0.3186,12033170.4,3830677.16060,31526,1709755199999
1709755200000,0.3185,0.3285,0.3172,0.3264,8326215.7,2690478.58637,22856,1709769599999
1709769600000,0.3263,0.3418,0.3242,0.3285,21013199.7,6996192.83887,53442,1709783999999
1709784000000,0.3284,0.3376,0.3227,0.3359,16443936.5,5421775.69844,40922,1709798399999
1709798400000,0.3358,0.3426,0.3324,0.3367,21855638.6,7347476.66270,39547,1709812799999
1709812800000,0.3367,0.3407,0.3310,0.3370,12952425.4,4337295.84667,31533,1709827199999
1709827200000,0.3371,0.3580,0.3361,0.3497,30698915.3,10660135.72342,66885,1709841599999
1709841600000,0.3497,0.3527,0.3467,0.3505,8074295.1,2819450.23155,23665,1709855999999
1709856000000,0.3504,0.3517,0.3378,0.3392,11365156.6,3899411.63136,28568,1709870399999
1709870400000,0.3392,0.3425,0.3360,0.3425,7791173.5,2644132.59456,19048,1709884799999
1709884800000,0.3424,0.3454,0.3385,0.3405,7747455.9,2644619.87583,20071,1709899199999
1709899200000,0.3404,0.3406,0.3215,0.3268,22948171.8,7609578.94445,56819,1709913599999
1709913600000,0.3267,0.3371,0.3202,0.3347,20314553.9,6677511.59231,52538,1709927999999
1709928000000,0.3347,0.3411,0.3345,0.3406,6581173.9,2221247.16622,17925,1709942399999
1709942400000,0.3406,0.3477,0.3352,0.3465,5627396.2,1913164.14765,16722,1709956799999
1709956800000,0.3465,0.3589,0.3444,0.3577,10274985.7,3607213.36801,27264,1709971199999
1709971200000,0.3577,0.3577,0.3478,0.3534,15566019.6,5490169.16650,36233,1709985599999
1709985600000,0.3533,0.3576,0.3504,0.3546,7657639.4,2707975.03254,20093,1709999999999
1710000000000,0.3547,0.3574,0.3489,0.3562,11298752.2,3987841.53169,27329,1710014399999
1710014400000,0.3561,0.3623,0.3542,0.3620,6919642.2,2481391.36651,20592,1710028799999
1710028800000,0.3619,0.3622,0.3485,0.3550,15964906.8,5654681.34986,34323,1710043199999
1710043200000,0.3550,0.3648,0.3534,0.3648,7223677.3,2591373.26205,20168,1710057599999
1710057600000,0.3648,0.3686,0.3540,0.3568,12822540.3,4621954.64006,39328,1710071999999
1710072000000,0.3569,0.3613,0.3462,0.3531,14681131.0,5192925.88179,46024,1710086399999
1710086400000,0.3531,0.3637,0.3530,0.3560,9218097.0,3296282.68164,26429,1710100799999
1710100800000,0.3560,0.3615,0.3461,0.3565,8577102.3,3042920.30656,28368,1710115199999
1710115200000,0.3565,0.3568,0.3350,0.3504,14742616.0,5092471.30721,49197,1710129599999
1710129600000,0.3502,0.3666,0.3489,0.3614,19313607.9,6930289.60111,51047,1710143999999
1710144000000,0.3615,0.3685,0.3601,0.3639,12153499.4,4435120.44267,31960,1710158399999
1710158400000,0.3638,0.3738,0.3627,0.3631,13535713.7,4984051.39974,37302,1710172799999
1710172800000,0.3631,0.3741,0.3595,0.3665,17352186.9,6369909.56927,39233,1710187199999
1710187200000,0.3668,0.3752,0.3659,0.3739,8678918.6,3221086.45268,22268,1710201599999
1710201600000,0.3739,0.3742,0.3628,0.3633,10117657.6,3742408.31103,27022,1710215999999
1710216000000,0.3633,0.3673,0.3578,0.3596,9322484.0,3379781.39967,24401,1710230399999
1710230400000,0.3596,0.3638,0.3493,0.3564,20223881.1,7227166.43141,41111,1710244799999
1710244800000,0.3564,0.3656,0.3503,0.3612,15083890.6,5402976.76322,45256,1710259199999
1710259200000,0.3611,0.3668,0.3392,0.3667,23991029.2,8481114.98186,60688,1710273599999
1710273600000,0.3667,0.3724,0.3607,0.3723,7678484.7,2805620.37940,23299,1710287999999
1710288000000,0.3724,0.3785,0.3667,0.3785,8423219.9,3136966.02456,23114,1710302399999
1710302400000,0.3784,0.3845,0.3749,0.3812,7865932.7,2986152.62210,21632,1710316799999
1710316800000,0.3812,0.3832,0.3757,0.3759,5668631.3,2147825.66860,18717,1710331199999
1710331200000,0.3760,0.3788,0.3656,0.3707,9493635.2,3531131.90016,30185,1710345599999
1710345600000,0.3706,0.3752,0.3686,0.3721,9020025.4,3350069.72720,18559,1710359999999
1710360000000,0.3721,0.3769,0.3682,0.3764,4545268.1,1693276.28384,15593,1710374399999
1710374400000,0.3764,0.3779,0.3663,0.3697,7013794.2,2602999.01797,22319,1710388799999
1710388800000,0.3697,0.3719,0.3624,0.3680,6109582.6,2244333.54883,23523,1710403199999
1710403200000,0.3681,0.3718,0.3604,0.3660,7262191.0,2659798.39131,25633,1710417599999
1710417600000,0.3661,0.3686,0.3481,0.3532,17152755.0,6110542.96622,54309,1710431999999
1710432000000,0.3532,0.3610,0.3401,0.3496,15335270.7,5387466.18915,46244,1710446399999
1710446400000,0.3495,0.3643,0.3492,0.3633,6477384.1,2318274.83236,23665,1710460799999
1710460800000,0.3633,0.3659,0.3249,0.3383,19181542.6,6596580.00466,59642,1710475199999
1710475200000,0.3383,0.3448,0.3318,0.3422,12772156.9,4317372.26202,38392,1710489599999
1710489600000,0.3422,0.3428,0.3118,0.3292,21925198.4,7153458.71111,58746,1710503999999
1710504000000,0.3291,0.3344,0.3255,0.3310,7983295.3,2637556.42362,23142,1710518399999
1710518400000,0.3309,0.3427,0.3269,0.3332,12012644.5,4016527.00597,27817,1710532799999
1710532800000,0.3333,0.3412,0.3244,0.3399,8792016.2,2925199.52717,24969,1710547199999
1710547200000,0.3400,0.3407,0.3364,0.3377,5278771.1,1786019.54047,14953,1710561599999
1710561600000,0.3376,0.3401,0.3299,0.3399,5337437.9,1788165.72101,18495,1710575999999
1710576000000,0.3400,0.3424,0.3283,0.3323,6367450.9,2137084.78465,19770,1710590399999
1710590400000,0.3323,0.3326,0.3181,0.3256,10000801.3,3235683.44741,33853,1710604799999
1710604800000,0.3255,0.3256,0.3018,0.3052,16243178.5,5070589.88238,46591,1710619199999
1710619200000,0.3053,0.3111,0.2993,0.3086,11460653.3,3495270.33328,35575,1710633599999
1710633600000,0.3084,0.3146,0.3000,0.3121,12920611.6,3987258.29050,33460,1710647999999
1710648000000,0.3122,0.3125,0.2905,0.2997,11430000.1,3433052.99438,30129,1710662399999
1710662400000,0.2997,0.3124,0.2985,0.3081,9261868.1,2850843.68369,22741,1710676799999
1710676800000,0.3082,0.3161,0.3017,0.3145,9930919.4,3065924.24603,23318,1710691199999
1710691200000,0.3144,0.3173,0.3117,0.3166,6253442.3,1966629.72662,14127,1710705599999
1710705600000,0.3166,0.3195,0.3130,0.3153,3410295.9,1076502.52007,11375,1710719999999
1710720000000,0.3153,0.3154,0.3030,0.3131,7546605.4,2339287.81381,23776,1710734399999
1710734400000,0.3132,0.3174,0.3099,0.3131,4013864.1,1261551.03590,12514,1710748799999
1710748800000,0.3130,0.3130,0.3053,0.3086,7016196.6,2162277.21877,20152,1710763199999
1710763200000,0.3086,0.3095,0.2938,0.2999,11983452.1,3613306.55333,30466,1710777599999
1710777600000,0.2998,0.3031,0.2922,0.2945,8314841.7,2462595.14922,26278,1710791999999
1710792000000,0.2945,0.3012,0.2944,0.2979,4607544.1,1371809.43364,14671,1710806399999
1710806400000,0.2979,0.3009,0.2775,0.2843,16934770.0,4845107.80385,45377,1710820799999
1710820800000,0.2844,0.2860,0.2643,0.2790,17979245.0,4957286.56693,44086,1710835199999
1710835200000,0.2790,0.2790,0.2626,0.2758,20628433.2,5572508.98623,49476,1710849599999
1710849600000,0.2758,0.2869,0.2733,0.2863,14746396.8,4107992.15457,32833,1710863999999
1710864000000,0.2864,0.2898,0.2841,0.2873,6890835.4,1976954.95108,17532,1710878399999
1710878400000,0.2872,0.2875,0.2645,0.2692,9819859.6,2700849.16332,26901,1710892799999
1710892800000,0.2692,0.2789,0.2679,0.2701,9635454.9,2623989.10815,26009,1710907199999
1710907200000,0.2701,0.2793,0.2603,0.2787,14489443.2,3885493.88449,34559,1710921599999
1710921600000,0.2788,0.2862,0.2758,0.2850,11606300.9,3249656.05167,23474,1710935999999
1710936000000,0.2850,0.2879,0.2768,0.2782,15479401.2,4391793.21990,28059,1710950399999
1710950400000,0.2780,0.2950,0.2676,0.2938,17910390.1,5034649.13930,40488,1710964799999
1710964800000,0.2938,0.3020,0.2927,0.3013,8122716.8,2431196.27753,21743,1710979199999
1710979200000,0.3013,0.3080,0.2999,0.3028,6647504.9,2017768.57773,18745,1710993599999
1710993600000,0.3029,0.3044,0.2962,0.3013,8685012.0,2616578.69135,21431,1711007999999
1711008000000,0.3013,0.3062,0.3006,0.3043,7051575.2,2139452.49431,17445,1711022399999
1711022400000,0.3044,0.3070,0.3015,0.3053,11439664.2,3485687.71584,20101,1711036799999
1711036800000,0.3054,0.3095,0.2958,0.3050,12308188.6,3727121.15587,27961,1711051199999
1711051200000,0.3049,0.3075,0.3001,0.3038,9373808.6,2845543.55071,20149,1711065599999
1711065600000,0.3037,0.3050,0.2957,0.3038,7879403.9,2361572.33120,21180,1711079999999
1711080000000,0.3038,0.3066,0.3018,0.3046,4486003.4,1365751.93566,13233,1711094399999
1711094400000,0.3047,0.3062,0.2944,0.2955,7403306.7,2221879.75340,18597,1711108799999
1711108800000,0.2955,0.2981,0.2845,0.2939,15772808.4,4600531.12155,38137,1711123199999
1711123200000,0.2939,0.2939,0.2876,0.2910,7539583.4,2192410.93122,20225,1711137599999
1711137600000,0.2910,0.2923,0.2830,0.2923,6042728.3,1736578.13384,17280,1711151999999
1711152000000,0.2923,0.2953,0.2874,0.2907,5461402.2,1592366.59943,15352,1711166399999
1711166400000,0.2907,0.2999,0.2905,0.2978,4717858.7,1393854.76195,14807,1711180799999
1711180800000,0.2979,0.2994,0.2946,0.2975,4053205.9,1204069.40956,11226,1711195199999
1711195200000,0.2976,0.3024,0.2959,0.3008,3846593.4,1151273.38389,12508,1711209599999
1711209600000,0.3007,0.3033,0.3002,0.3013,3505624.0,1058046.91930,11162,1711223999999
1711224000000,0.3013,0.3032,0.2963,0.2971,3446532.1,1035410.35232,10925,1711238399999
1711238400000,0.2971,0.3026,0.2963,0.2975,3995926.3,1197564.56743,12223,1711252799999
1711252800000,0.2975,0.3011,0.2958,0.3002,2994849.5,893636.63833,10775,1711267199999
1711267200000,0.3000,0.3035,0.2995,0.3031,3392447.4,1023985.89375,10683,1711281599999
1711281600000,0.3031,0.3055,0.3006,0.3054,3832183.9,1163308.03946,12913,1711295999999
1711296000000,0.3053,0.3081,0.3007,0.3073,4681311.6,1426175.66389,15153,1711310399999
1711310400000,0.3074,0.3125,0.3062,0.3101,3165287.4,982634.12090,12256,1711324799999
1711324800000,0.3102,0.3148,0.3087,0.3134,4984720.5,1556914.33873,15706,1711339199999
1711339200000,0.3133,0.3139,0.3068,0.3072,4127991.6,1285174.21652,15287,1711353599999
1711353600000,0.3071,0.3141,0.3070,0.3103,4670434.7,1451466.48179,14748,1711367999999
1711368000000,0.3103,0.3245,0.3096,0.3239,10186285.5,3244741.97933,28635,1711382399999
1711382400000,0.3239,0.3409,0.3227,0.3408,8979308.1,2961562.72192,27100,1711396799999
1711396800000,0.3407,0.3416,0.3288,0.3351,9215635.4,3077962.65830,22227,1711411199999
1711411200000,0.3350,0.3447,0.3333,0.3429,9918189.9,3350933.01934,24043,1711425599999
1711425600000,0.3429,0.3475,0.3410,0.3434,5054085.1,1737006.31329,13742,1711439999999
1711440000000,0.3435,0.3544,0.3421,0.3504,11654178.0,4084746.93844,26358,1711454399999
1711454400000,0.3504,0.3526,0.3399,0.3454,13993397.9,4849618.79640,30593,1711468799999
1711468800000,0.3455,0.3482,0.3381,0.3420,14290261.6,4914807.73637,27853,1711483199999
1711483200000,0.3421,0.3486,0.3421,0.3466,5347226.7,1849168.07181,12275,1711497599999
1711497600000,0.3466,0.3549,0.3435,0.3501,8455482.2,2965306.37814,20066,1711511999999
1711512000000,0.3499,0.3509,0.3393,0.3405,7030515.2,2424729.01033,16563,1711526399999
1711526400000,0.3406,0.3473,0.3359,0.3462,8523184.7,2917754.37341,23418,1711540799999
1711540800000,0.3461,0.3519,0.3318,0.3362,16477777.0,5629032.54063,40844,1711555199999
1711555200000,0.3362,0.3414,0.3333,0.3370,7859352.0,2654378.64436,22403,1711569599999
1711569600000,0.3370,0.3395,0.3353,0.3374,4019442.4,1356612.25664,12850,1711583999999
1711584000000,0.3374,0.3408,0.3290,0.3321,6305699.0,2108861.45639,19014,1711598399999
1711598400000,0.3322,0.3377,0.3316,0.3377,5468674.0,1828972.85251,16062,1711612799999
1711612800000,0.3376,0.3423,0.3345,0.3368,6621748.5,2239825.35733,19859,1711627199999
1711627200000,0.3368,0.3384,0.3319,0.3369,5506662.1,1847640.92252,16954,1711641599999
1711641600000,0.3369,0.3373,0.3330,0.3343,3671255.6,1229163.68960,11573,1711655999999
1711656000000,0.3342,0.3371,0.3319,0.3369,3064304.6,1025098.25754,10198,1711670399999
1711670400000,0.3369,0.3373,0.3289,0.3341,5821174.3,1939263.32854,16799,1711684799999
1711684800000,0.3340,0.3360,0.3250,0.3261,7591189.6,2507906.84690,20850,1711699199999
1711699200000,0.3261,0.3335,0.3258,0.3325,5547211.8,1833863.03039,16303,1711713599999
1711713600000,0.3325,0.3395,0.3282,0.3314,8129023.8,2716366.35374,24565,1711727999999
1711728000000,0.3314,0.3357,0.3298,0.3340,4688835.1,1558985.28189,15094,1711742399999
1711742400000,0.3339,0.3349,0.3287,0.3336,4093972.3,1359602.19086,11645,1711756799999
1711756800000,0.3336,0.3353,0.3307,0.3312,3465692.5,1153523.76557,10643,1711771199999
1711771200000,0.3313,0.3358,0.3295,0.3298,3516229.1,1170172.16971,12274,1711785599999
1711785600000,0.3297,0.3325,0.3286,0.3322,2928925.8,968163.44772,10094,1711799999999
1711800000000,0.3322,0.3335,0.3291,0.3309,2568235.3,851419.29700,9084,1711814399999
1711814400000,0.3310,0.3326,0.3281,0.3317,3322640.3,1098903.98082,11539,1711828799999
1711828800000,0.3317,0.3321,0.3244,0.3267,3887386.5,1273311.95260,13119,1711843199999
1711843200000,0.3266,0.3293,0.3253,0.3266,2941746.8,962738.81103,10408,1711857599999
1711857600000,0.3266,0.3330,0.3259,0.3318,2737780.0,904510.60340,11518,1711871999999
1711872000000,0.3319,0.3337,0.3299,0.3336,4532736.6,1505220.28231,12889,1711886399999
1711886400000,0.3335,0.3349,0.3317,0.3332,3188142.5,1062765.25880,12276,1711900799999
1711900800000,0.3333,0.3384,0.3329,0.3367,4947306.6,1661427.58662,14569,1711915199999
1711915200000,0.3368,0.3380,0.3339,0.3362,2925528.2,982141.24224,10585,1711929599999
1711929600000,0.3363,0.3415,0.3339,0.3370,7351948.8,2483438.24928,19966,1711943999999
1711944000000,0.3370,0.3382,0.3183,0.3270,15890975.3,5177658.23255,39567,1711958399999
1711958400000,0.3269,0.3269,0.3177,0.3185,7029911.1,2261311.20833,19460,1711972799999
1711972800000,0.3184,0.3238,0.3081,0.3094,13040729.5,4112148.21428,34530,1711987199999
1711987200000,0.3093,0.3127,0.3051,0.3125,8732051.0,2694427.38719,23210,1712001599999
1712001600000,0.3125,0.3166,0.3118,0.3162,3465870.8,1088983.74803,10007,1712015999999
1712016000000,0.3161,0.3165,0.2953,0.2997,13561942.1,4115140.30641,35026,1712030399999
1712030400000,0.2997,0.3024,0.2967,0.2986,5203296.1,1559691.39235,14305,1712044799999
1712044800000,0.2985,0.2994,0.2860,0.2911,10570508.5,3080843.90557,23338,1712059199999
1712059200000,0.2910,0.2949,0.2855,0.2878,9137636.7,2652649.50566,21312,1712073599999
1712073600000,0.2878,0.2921,0.2861,0.2908,5152620.2,1492860.80321,13185,1712087999999
1712088000000,0.2909,0.2923,0.2874,0.2885,3314434.7,961081.11531,10776,1712102399999
1712102400000,0.2885,0.2937,0.2780,0.2928,10921674.3,3124776.01592,26802,1712116799999
1712116800000,0.2928,0.2955,0.2901,0.2931,5284486.8,1548008.15321,11551,1712131199999
1712131200000,0.2931,0.2971,0.2901,0.2918,5260135.4,1544221.69615,13807,1712145599999
1712145600000,0.2919,0.2951,0.2865,0.2900,6596521.8,1918215.22134,17658,1712159999999
1712160000000,0.2900,0.2952,0.2852,0.2864,10504913.8,3048103.34586,20252,1712174399999
1712174400000,0.2864,0.2887,0.2808,0.2864,4293746.8,1223650.37912,12397,1712188799999
1712188800000,0.2863,0.2903,0.2823,0.2835,4764475.0,1362700.23326,13361,1712203199999
1712203200000,0.2835,0.2911,0.2803,0.2900,3319774.1,949046.09529,12233,1712217599999
1712217600000,0.2901,0.2929,0.2894,0.2915,3252254.4,946762.46793,9006,1712231999999
1712232000000,0.2915,0.2983,0.2910,0.2968,4006278.3,1185459.63461,12289,1712246399999
1712246400000,0.2969,0.3021,0.2962,0.2971,3958589.2,1183071.04246,13151,1712260799999
1712260800000,0.2971,0.2976,0.2895,0.2964,5377170.6,1577949.00144,16546,1712275199999
1712275200000,0.2964,0.2990,0.2904,0.2959,4016213.5,1183910.12379,12973,1712289599999
1712289600000,0.2960,0.2960,0.2863,0.2883,4303829.4,1247212.22875,15318,1712303999999
1712304000000,0.2883,0.2924,0.2810,0.2814,8403513.2,2400804.53561,18853,1712318399999
1712318400000,0.2813,0.2946,0.2791,0.2944,6976304.7,2001027.94182,21678,1712332799999
1712332800000,0.2944,0.2951,0.2915,0.2932,3955997.3,1161057.75297,11415,1712347199999
1712347200000,0.2932,0.2951,0.2925,0.2936,2802651.7,823241.17719,7842,1712361599999
1712361600000,0.2937,0.2964,0.2920,0.2957,2794646.6,822303.24366,9215,1712375999999
1712376000000,0.2957,0.2978,0.2946,0.2960,2181887.1,646845.87603,7230,1712390399999
1712390400000,0.2959,0.2979,0.2930,0.2936,2613385.4,771537.99995,8578,1712404799999
1712404800000,0.2936,0.2959,0.2924,0.2943,2483737.5,729813.83884,8672,1712419199999
1712419200000,0.2943,0.2961,0.2936,0.2944,2235551.4,658934.61915,6981,1712433599999
1712433600000,0.2944,0.2993,0.2937,0.2966,2580083.1,765417.22252,8523,1712447999999
1712448000000,0.2965,0.3006,0.2955,0.2990,2444046.1,729395.11170,8426,1712462399999
1712462400000,0.2989,0.3003,0.2973,0.2984,2868294.4,856690.22785,7907,1712476799999
1712476800000,0.2984,0.3020,0.2983,0.3015,2650287.6,795704.21414,7770,1712491199999
1712491200000,0.3016,0.3028,0.2998,0.3005,2504435.6,754988.23562,8631,1712505599999
1712505600000,0.3005,0.3032,0.2986,0.2992,4070975.3,1225409.47291,11356,1712519999999
1712520000000,0.2992,0.3031,0.2982,0.3025,3180893.5,957044.70564,9299,1712534399999
1712534400000,0.3024,0.3027,0.2960,0.2965,2815603.0,842610.57361,9849,1712548799999
1712548800000,0.2964,0.3057,0.2941,0.3057,4232159.0,1267704.69117,12372,1712563199999
1712563200000,0.3056,0.3141,0.3050,0.3139,7168592.0,2222587.12741,18596,1712577599999
1712577600000,0.3140,0.3200,0.3134,0.3173,6966410.2,2206087.17430,17102,1712591999999
1712592000000,0.3172,0.3192,0.3159,0.3187,3288490.7,1045433.04207,9334,1712606399999
1712606400000,0.3187,0.3263,0.3181,0.3234,5934568.5,1912730.18860,14995,1712620799999
1712620800000,0.3234,0.3390,0.3175,0.3181,19623063.1,6409852.30016,39731,1712635199999
1712635200000,0.3182,0.3218,0.3126,0.3139,6233852.3,1980924.58895,15335,1712649599999
1712649600000,0.3139,0.3202,0.3094,0.3190,8454104.4,2667260.12538,21608,1712663999999
1712664000000,0.3191,0.3206,0.3060,0.3115,9424531.6,2949312.45688,25272,1712678399999
1712678400000,0.3114,0.3287,0.3062,0.3263,15797855.6,5009446.95286,27468,1712692799999
1712692800000,0.3262,0.3300,0.3124,0.3184,57117812.9,18303247.60521,78009,1712707199999
1712707200000,0.3184,0.3198,0.3051,0.3096,13476629.0,4217691.62710,34655,1712721599999
1712721600000,0.3096,0.3136,0.3087,0.3104,6837591.0,2127233.76626,16670,1712735999999
1712736000000,0.3104,0.3142,0.3053,0.3085,10054937.9,3117548.59377,22009,1712750399999
1712750400000,0.3085,0.3093,0.2964,0.3039,12665654.8,3827305.00648,29008,1712764799999
1712764800000,0.3040,0.3107,0.3026,0.3096,6840178.4,2101303.77224,13954,1712779199999
1712779200000,0.3096,0.3243,0.3092,0.3233,7459963.1,2365034.23126,15828,1712793599999
1712793600000,0.3232,0.3334,0.3224,0.3282,18033271.7,5925810.35706,38390,1712807999999
1712808000000,0.3283,0.3354,0.3271,0.3329,12346578.4,4100215.87431,26233,1712822399999
1712822400000,0.3330,0.3344,0.3226,0.3233,8292844.1,2737156.74055,20362,1712836799999
1712836800000,0.3233,0.3260,0.3161,0.3211,12362949.9,3972252.90872,30998,1712851199999
1712851200000,0.3211,0.3248,0.3167,0.3230,7815542.5,2509731.49147,19470,1712865599999
1712865600000,0.3229,0.3260,0.3211,0.3251,5870368.5,1901807.82895,13887,1712879999999
1712880000000,0.3251,0.3288,0.3220,0.3275,6697821.7,2181075.04665,16582,1712894399999
1712894400000,0.3275,0.3458,0.3267,0.3354,26919997.2,9105678.74227,52440,1712908799999
1712908800000,0.3353,0.3527,0.3346,0.3423,44171259.2,15207195.74086,83001,1712923199999
1712923200000,0.3422,0.3450,0.3227,0.3254,33619137.4,11201269.33539,66146,1712937599999
1712937600000,0.3254,0.3267,0.2615,0.2831,66574006.0,19526776.43913,121306,1712951999999
1712952000000,0.2830,0.2913,0.2819,0.2862,19078539.3,5487753.01627,30805,1712966399999
1712966400000,0.2862,0.2878,0.2708,0.2791,17807549.5,4958175.21759,36334,1712980799999
1712980800000,0.2791,0.2848,0.2759,0.2774,11491928.0,3227098.45648,21479,1712995199999
1712995200000,0.2773,0.2817,0.2732,0.2767,10984170.2,3044315.47485,21117,1713009599999
1713009600000,0.2767,0.2802,0.2716,0.2740,10613910.7,2927291.49738,23115,1713023999999
1713024000000,0.2740,0.2745,0.2239,0.2386,42523865.0,10899808.43358,85458,1713038399999
1713038400000,0.2388,0.2424,0.2002,0.2391,51517476.4,11623417.00510,119067,1713052799999
1713052800000,0.2392,0.2408,0.2291,0.2358,21850614.1,5119169.11899,47708,1713067199999
1713067200000,0.2358,0.2555,0.2348,0.2544,14770120.0,3648221.23089,29181,1713081599999
1713081600000,0.2545,0.2558,0.2457,0.2476,11897923.7,2995391.02081,22171,1713095999999
1713096000000,0.2476,0.2548,0.2447,0.2487,19189466.4,4785896.09039,33738,1713110399999
1713110400000,0.2488,0.2545,0.2398,0.2498,20406982.2,5074372.78169,34859,1713124799999
1713124800000,0.2498,0.2611,0.2456,0.2586,14603871.2,3705662.93724,23076,1713139199999
1713139200000,0.2585,0.2589,0.2524,0.2561,9379887.5,2399911.53804,18833,1713153599999
1713153600000,0.2560,0.2738,0.2525,0.2702,12218561.5,3235434.46978,22206,1713167999999
1713168000000,0.2701,0.2731,0.2658,0.2671,8542490.3,2302232.79128,16651,1713182399999
1713182400000,0.2672,0.2736,0.2552,0.2613,21354235.5,5642398.09191,39262,1713196799999
1713196800000,0.2614,0.2629,0.2411,0.2507,30919738.0,7775318.60989,55261,1713211199999
1713211200000,0.2507,0.2522,0.2429,0.2476,9889855.7,2445213.47446,18023,1713225599999
1713225600000,0.2477,0.2500,0.2404,0.2430,10037059.5,2459325.84558,22941,1713239999999
1713240000000,0.2430,0.2506,0.2349,0.2485,11387008.6,2758837.87234,24087,1713254399999
1713254400000,0.2485,0.2491,0.2353,0.2459,15306396.1,3708807.33776,30382,1713268799999
1713268800000,0.2459,0.2459,0.2327,0.2334,16936291.5,4041394.77674,36330,1713283199999
1713283200000,0.2334,0.2434,0.2311,0.2378,16900112.8,4023502.47330,33777,1713297599999
1713297600000,0.2377,0.2458,0.2372,0.2427,5740247.8,1390157.35586,14070,1713311999999
1713312000000,0.2427,0.2430,0.2386,0.2416,7520732.4,1811463.25323,18056,1713326399999
1713326400000,0.2416,0.2464,0.2408,0.2432,6552376.6,1593449.53135,15866,1713340799999
1713340800000,0.2430,0.2447,0.2373,0.2375,6061209.8,1467364.82877,14418,1713355199999
1713355200000,0.2377,0.2409,0.2287,0.2311,17313654.9,4061950.25808,36040,1713369599999
1713369600000,0.2311,0.2445,0.2280,0.2391,18565935.5,4407187.36651,34990,1713383999999
1713384000000,0.2392,0.2418,0.2357,0.2369,7427225.1,1775172.17657,18463,1713398399999
1713398400000,0.2369,0.2422,0.2305,0.2397,9784546.1,2318194.69087,23654,1713412799999
1713412800000,0.2397,0.2412,0.2314,0.2330,7019645.0,1655924.97484,17574,1713427199999
1713427200000,0.2331,0.2424,0.2305,0.2399,9004009.0,2129045.84442,20834,1713441599999
1713441600000,0.2399,0.2469,0.2346,0.2441,14331180.2,3451165.27677,27891,1713455999999
1713456000000,0.2440,0.2459,0.2377,0.2436,8238530.0,1990963.74780,19050,1713470399999
1713470400000,0.2436,0.2466,0.2422,0.2441,4671766.5,1141892.09290,11626,1713484799999
1713484800000,0.2441,0.2441,0.2260,0.2392,22206094.6,5213405.60127,47536,1713499199999
1713499200000,0.2392,0.2537,0.2388,0.2474,14388776.7,3537091.31317,34069,1713513599999
1713513600000,0.2474,0.2530,0.2468,0.2507,9215218.9,2299439.55754,21699,1713527999999
1713528000000,0.2506,0.2526,0.2470,0.2512,10236778.3,2562783.89528,23771,1713542399999
1713542400000,0.2512,0.2525,0.2474,0.2508,8205003.8,2051504.10752,19782,1713556799999
1713556800000,0.2508,0.2509,0.2424,0.2470,8088677.1,1991418.05805,16553,1713571199999
1713571200000,0.2470,0.2507,0.2444,0.2481,7018898.6,1739093.89693,17115,1713585599999
1713585600000,0.2481,0.2509,0.2475,0.2496,3244988.1,809175.45975,9448,1713599999999
1713600000000,0.2497,0.2522,0.2470,0.2514,7019751.9,1750750.18896,13017,1713614399999
1713614400000,0.2514,0.2595,0.2505,0.2595,5519107.5,1402703.70395,13269,1713628799999
1713628800000,0.2594,0.2667,0.2576,0.2648,7509002.1,1976317.08822,18131,1713643199999
1713643200000,0.2649,0.2672,0.2640,0.2666,3202148.3,851293.81087,9239,1713657599999
1713657600000,0.2666,0.2681,0.2621,0.2666,5208673.1,1384125.34424,13025,1713671999999
1713672000000,0.2665,0.2679,0.2643,0.2657,3033281.4,806548.44751,9301,1713686399999
1713686400000,0.2657,0.2666,0.2624,0.2650,4220536.1,1116791.70606,11305,1713700799999
1713700800000,0.2650,0.2665,0.2601,0.2625,6415051.4,1686220.57581,14433,1713715199999
1713715200000,0.2625,0.2628,0.2561,0.2588,6910055.2,1790205.57978,15832,1713729599999
1713729600000,0.2588,0.2631,0.2579,0.2610,4105880.8,1072730.22616,10625,1713743999999
1713744000000,0.2610,0.2679,0.2604,0.2667,7598926.4,1997185.17037,20141,1713758399999
1713758400000,0.2666,0.2699,0.2655,0.2661,5134171.2,1373674.94203,14020,1713772799999
1713772800000,0.2661,0.2681,0.2638,0.2656,4064113.6,1081385.40589,11898,1713787199999
1713787200000,0.2656,0.2674,0.2628,0.2661,6842350.3,1817108.85835,18417,1713801599999
1713801600000,0.2661,0.2686,0.2639,0.2663,5927286.5,1579273.18553,16127,1713815999999
1713816000000,0.2663,0.2698,0.2656,0.2676,4870487.4,1303026.73893,12999,1713830399999
1713830400000,0.2676,0.2703,0.2646,0.2655,4355752.5,1167646.45406,12293,1713844799999
1713844800000,0.2654,0.2682,0.2634,0.2652,4816743.4,1281260.92832,13798,1713859199999
1713859200000,0.2651,0.2679,0.2636,0.2654,4399588.3,1168691.57924,12521,1713873599999
1713873600000,0.2653,0.2700,0.2649,0.2683,6630913.0,1774783.63316,18029,1713887999999
1713888000000,0.2683,0.2735,0.2671,0.2730,6428144.1,1737103.51331,17444,1713902399999
1713902400000,0.2730,0.2757,0.2697,0.2755,8310223.7,2266908.58677,18088,1713916799999
1713916800000,0.2755,0.2760,0.2715,0.2739,8272673.5,2264350.61395,20927,1713931199999
1713931200000,0.2739,0.2822,0.2734,0.2787,9057747.1,2524190.07331,20057,1713945599999
1713945600000,0.2787,0.2832,0.2776,0.2818,7602352.3,2131749.35619,18219,1713959999999
1713960000000,0.2818,0.2828,0.2654,0.2661,16783189.5,4578607.66993,35122,1713974399999
1713974400000,0.2661,0.2703,0.2634,0.2678,11474946.8,3060708.51067,24169,1713988799999
1713988800000,0.2678,0.2688,0.2609,0.2642,8810229.2,2331382.69592,18748,1714003199999
1714003200000,0.2642,0.2657,0.2582,0.2588,7572198.2,1982106.19903,18985,1714017599999
1714017600000,0.2589,0.2609,0.2550,0.2576,6974498.8,1803485.77657,17057,1714031999999
1714032000000,0.2576,0.2586,0.2522,0.2549,7997321.1,2039754.66602,17259,1714046399999
1714046400000,0.2549,0.2617,0.2512,0.2614,9489632.9,2426954.87256,21089,1714060799999
1714060800000,0.2613,0.2636,0.2602,0.2619,5754598.6,1508144.75724,13568,1714075199999
1714075200000,0.2618,0.2644,0.2593,0.2597,3339074.9,873804.98332,8793,1714089599999
1714089600000,0.2598,0.2617,0.2540,0.2580,8342512.9,2151531.85932,18590,1714103999999
1714104000000,0.2580,0.2616,0.2567,0.2570,4649522.5,1203907.81181,11155,1714118399999
1714118400000,0.2571,0.2590,0.2550,0.2559,4609765.4,1184231.69366,11207,1714132799999
1714132800000,0.2559,0.2607,0.2522,0.2577,8620878.5,2211427.25746,19244,1714147199999
1714147200000,0.2577,0.2612,0.2562,0.2604,4260547.8,1104350.85373,9517,1714161599999
1714161600000,0.2603,0.2625,0.2574,0.2588,5286700.2,1375412.70840,12012,1714175999999
1714176000000,0.2588,0.2595,0.2477,0.2553,11629862.0,2941879.80827,25720,1714190399999
1714190400000,0.2553,0.2592,0.2550,0.2554,5314042.3,1365224.08594,13108,1714204799999
1714204800000,0.2554,0.2591,0.2526,0.2539,5905144.8,1512174.33192,13155,1714219199999
1714219200000,0.2539,0.2589,0.2531,0.2545,3874847.0,992281.44908,11609,1714233599999
1714233600000,0.2544,0.2609,0.2529,0.2579,7418693.9,1912460.26114,15414,1714247999999
1714248000000,0.2579,0.2596,0.2564,0.2581,2526873.1,651565.06633,7373,1714262399999
1714262400000,0.2582,0.2628,0.2572,0.2617,4370603.9,1136582.51833,12156,1714276799999
1714276800000,0.2617,0.2624,0.2599,0.2609,2559985.8,667842.73349,7081,1714291199999
1714291200000,0.2609,0.2614,0.2556,0.2563,3697648.3,954829.88620,9457,1714305599999
1714305600000,0.2563,0.2602,0.2561,0.2577,4190678.7,1081883.34006,10284,1714319999999
1714320000000,0.2577,0.2619,0.2575,0.2602,3270663.4,849130.94722,9355,1714334399999
1714334400000,0.2602,0.2606,0.2530,0.2537,5562205.9,1429322.58253,12604,1714348799999
1714348800000,0.2537,0.2579,0.2507,0.2510,7338305.5,1866952.38000,16346,1714363199999
1714363200000,0.2511,0.2587,0.2454,0.2465,17673445.5,4445226.64614,27752,1714377599999
1714377600000,0.2465,0.2490,0.2434,0.2460,8506430.9,2093633.58390,16258,1714391999999
1714392000000,0.2460,0.2500,0.2445,0.2491,10430137.9,2579438.76616,18692,1714406399999
1714406400000,0.2490,0.2495,0.2460,0.2480,6389444.5,1582273.30952,12925,1714420799999
1714420800000,0.2481,0.2511,0.2450,0.2488,5739448.7,1428355.51393,11029,1714435199999
1714435200000,0.2488,0.2519,0.2445,0.2497,7960344.9,1979982.33055,15822,1714449599999
1714449600000,0.2498,0.2506,0.2466,0.2469,4110961.8,1022295.15692,9998,1714463999999
1714464000000,0.2468,0.2479,0.2352,0.2358,11085451.3,2660538.23620,24652,1714478399999
1714478400000,0.2358,0.2372,0.2308,0.2328,15211436.4,3565212.10129,25408,1714492799999
1714492800000,0.2329,0.2345,0.2288,0.2314,11714257.1,2718499.07436,19616,1714507199999
1714507200000,0.2314,0.2396,0.2314,0.2377,6884616.0,1624698.32108,12947,1714521599999
1714521600000,0.2377,0.2392,0.2335,0.2367,7741163.3,1827345.03842,15721,1714535999999
1714536000000,0.2368,0.2374,0.2257,0.2276,9384793.2,2166698.48174,18544,1714550399999
1714550400000,0.2276,0.2288,0.2220,0.2271,9256962.3,2090550.62990,17927,1714564799999
1714564800000,0.2272,0.2306,0.2260,0.2285,7160262.9,1638464.82311,15251,1714579199999
1714579200000,0.2284,0.2385,0.2267,0.2323,11556838.5,2686299.01514,22442,1714593599999
1714593600000,0.2324,0.2399,0.2309,0.2389,4805902.4,1133167.34558,12740,1714607999999
1714608000000,0.2388,0.2393,0.2301,0.2350,5754929.0,1349423.95297,14510,1714622399999
1714622400000,0.2349,0.2359,0.2321,0.2330,3197223.7,747280.49457,7840,1714636799999
1714636800000,0.2330,0.2409,0.2324,0.2405,4907158.3,1163002.98965,12313,1714651199999
1714651200000,0.2405,0.2424,0.2371,0.2415,4650517.0,1115927.86904,10240,1714665599999
1714665600000,0.2415,0.2432,0.2401,0.2419,3894902.4,940312.52502,9009,1714679999999
1714680000000,0.2419,0.2445,0.2396,0.2409,3712050.9,899113.37902,7259,1714694399999
1714694400000,0.2408,0.2458,0.2404,0.2441,2803960.7,682067.64604,8374,1714708799999
1714708800000,0.2440,0.2443,0.2394,0.2400,2257968.5,546781.53557,6900,1714723199999
1714723200000,0.2400,0.2416,0.2381,0.2409,3432534.6,824461.26245,9058,1714737599999
1714737600000,0.2409,0.2500,0.2405,0.2482,7469309.1,1842200.53880,15715,1714751999999
1714752000000,0.2482,0.2513,0.2481,0.2499,3099763.1,773646.60299,8392,1714766399999
1714766400000,0.2499,0.2525,0.2492,0.2496,2970103.6,744969.98218,7697,1714780799999
1714780800000,0.2496,0.2515,0.2471,0.2487,2847584.8,709677.83517,7299,1714795199999
1714795200000,0.2487,0.2496,0.2470,0.2470,2411243.7,598425.44022,6723,1714809599999
1714809600000,0.2470,0.2522,0.2469,0.2492,3148734.1,785354.89210,8181,1714823999999
1714824000000,0.2492,0.2514,0.2481,0.2503,2955518.9,738178.57843,8161,1714838399999
1714838400000,0.2502,0.2512,0.2486,0.2509,2921141.7,730479.77491,7084,1714852799999
1714852800000,0.2508,0.2516,0.2476,0.2479,2374241.3,591740.06869,6561,1714867199999
1714867200000,0.2480,0.2489,0.2435,0.2467,5439050.4,1338937.96814,12176,1714881599999
1714881600000,0.2467,0.2483,0.2442,0.2473,4104048.4,1010763.88932,8780,1714895999999
1714896000000,0.2474,0.2493,0.2466,0.2474,2877865.7,713115.27564,7844,1714910399999
1714910400000,0.2475,0.2528,0.2449,0.2524,4477296.8,1111307.66991,10901,1714924799999
1714924800000,0.2524,0.2527,0.2482,0.2489,3104365.5,778146.20506,7949,1714939199999
1714939200000,0.2489,0.2499,0.2476,0.2493,2162681.2,538388.30333,6769,1714953599999
1714953600000,0.2492,0.2507,0.2469,0.2490,2384714.0,593572.92833,7772,1714967999999
1714968000000,0.2490,0.2516,0.2474,0.2515,2367202.6,590532.48585,7236,1714982399999
1714982400000,0.2515,0.2554,0.2487,0.2518,5173342.1,1307381.31584,14113,1714996799999
1714996800000,0.2518,0.2522,0.2438,0.2478,7904908.0,1956501.32158,18113,1715011199999
1715011200000,0.2477,0.2485,0.2435,0.2457,5699379.1,1404081.32651,12232,1715025599999
1715025600000,0.2457,0.2469,0.2424,0.2432,2069123.9,507048.52950,6370,1715039999999
1715040000000,0.2431,0.2464,0.2401,0.2423,4265285.8,1038617.02100,11960,1715054399999
1715054400000,0.2423,0.2439,0.2395,0.2406,2942835.5,711706.60220,8955,1715068799999
1715068800000,0.2406,0.2456,0.2403,0.2416,4062508.1,989509.59003,11139,1715083199999
1715083200000,0.2416,0.2472,0.2413,0.2451,4099789.6,1000149.80073,11300,1715097599999
1715097600000,0.2451,0.2462,0.2429,0.2440,2493357.7,610217.12154,8026,1715111999999
1715112000000,0.2439,0.2466,0.2396,0.2403,5085355.8,1236050.10816,13054,1715126399999
1715126400000,0.2403,0.2419,0.2370,0.2403,5719941.5,1371109.17759,13604,1715140799999
1715140800000,0.2403,0.2409,0.2367,0.2382,3575297.3,854086.44695,9665,1715155199999
1715155200000,0.2383,0.2413,0.2370,0.2400,4680943.3,1120096.72023,12017,1715169599999
1715169600000,0.2400,0.2462,0.2377,0.2447,8139964.5,1971722.62109,18204,1715183999999
1715184000000,0.2447,0.2475,0.2420,0.2459,4577269.6,1122193.62413,11963,1715198399999
1715198400000,0.2459,0.2473,0.2411,0.2423,7537195.8,1831930.42997,15351,1715212799999
1715212800000,0.2423,0.2439,0.2414,0.2428,4017729.8,975622.14960,13028,1715227199999
1715227200000,0.2428,0.2443,0.2396,0.2406,3071637.7,745001.39895,9188,1715241599999
1715241600000,0.2406,0.2419,0.2367,0.2404,5905230.9,1414470.19365,12300,1715255999999
1715256000000,0.2404,0.2450,0.2390,0.2447,5093744.2,1232266.24376,12419,1715270399999
1715270400000,0.2448,0.2453,0.2423,0.2452,3348815.1,817202.75199,8862,1715284799999
1715284800000,0.2452,0.2486,0.2440,0.2471,3084465.1,759179.05256,8244,1715299199999
1715299200000,0.2471,0.2497,0.2466,0.2479,4621007.4,1147154.41210,9155,1715313599999
1715313600000,0.2479,0.2517,0.2475,0.2509,3269079.0,816644.35990,8029,1715327999999
1715328000000,0.2509,0.2511,0.2497,0.2510,2174239.1,544595.90504,5894,1715342399999
1715342400000,0.2509,0.2514,0.2404,0.2414,10261718.3,2508704.36138,17383,1715356799999
1715356800000,0.2413,0.2422,0.2367,0.2374,7498079.9,1795325.86428,15721,1715371199999
1715371200000,0.2374,0.2381,0.2348,0.2366,5432018.9,1284004.08225,10532,1715385599999
1715385600000,0.2366,0.2400,0.2358,0.2379,3867938.8,920333.56611,9923,1715399999999
1715400000000,0.2378,0.2388,0.2370,0.2379,2499612.9,594153.55099,5662,1715414399999
1715414400000,0.2380,0.2384,0.2324,0.2338,3271193.0,768764.18351,7604,1715428799999
1715428800000,0.2339,0.2368,0.2338,0.2356,3763284.5,884523.22677,9424,1715443199999
1715443200000,0.2356,0.2361,0.2323,0.2327,3423996.3,802111.79224,7456,1715457599999
1715457600000,0.2327,0.2328,0.2300,0.2308,3267230.1,756085.44867,7007,1715471999999
1715472000000,0.2308,0.2322,0.2301,0.2303,3013056.4,696083.72775,7557,1715486399999
1715486400000,0.2303,0.2312,0.2277,0.2286,3642769.1,836705.08135,6850,1715500799999
1715500800000,0.2287,0.2307,0.2281,0.2300,3153253.5,723599.59460,7446,1715515199999
1715515200000,0.2300,0.2306,0.2287,0.2298,2962658.4,680344.31028,7404,1715529599999
1715529600000,0.2298,0.2309,0.2261,0.2266,3238493.1,739907.24545,8102,1715543999999
1715544000000,0.2267,0.2268,0.2244,0.2262,2673892.2,604191.70546,6841,1715558399999
1715558400000,0.2262,0.2280,0.2190,0.2222,7431852.4,1654112.07428,17984,1715572799999
1715572800000,0.2222,0.2274,0.2206,0.2271,5258445.2,1176084.58693,11384,1715587199999
1715587200000,0.2272,0.2320,0.2272,0.2306,5979691.6,1374908.02008,12674,1715601599999
1715601600000,0.2307,0.2328,0.2292,0.2324,4911637.0,1134434.07358,11726,1715615999999
1715616000000,0.2324,0.2348,0.2281,0.2305,7148454.8,1654111.08001,14162,1715630399999
1715630400000,0.2304,0.2309,0.2280,0.2300,3872975.2,889438.54662,7559,1715644799999
1715644800000,0.2300,0.2384,0.2244,0.2262,41697665.3,9683242.64320,54381,1715659199999
1715659200000,0.2261,0.2296,0.2232,0.2267,9363990.7,2121923.61513,16199,1715673599999
1715673600000,0.2268,0.2280,0.2259,0.2274,4451823.9,1010721.49522,7992,1715687999999
1715688000000,0.2273,0.2294,0.2229,0.2268,11675634.0,2646403.70307,18078,1715702399999
1715702400000,0.2269,0.2269,0.2230,0.2251,4556385.2,1025082.54226,9366,1715716799999
1715716800000,0.2251,0.2255,0.2216,0.2224,2929915.5,655060.11624,6097,1715731199999
1715731200000,0.2224,0.2252,0.2203,0.2247,4119827.4,918835.42516,9185,1715745599999
1715745600000,0.2248,0.2250,0.2227,0.2235,2531112.6,566914.15029,5833,1715759999999
1715760000000,0.2235,0.2263,0.2219,0.2231,4658980.1,1045302.14770,9923,1715774399999
1715774400000,0.2232,0.2329,0.2217,0.2318,11368748.0,2603171.60527,20500,1715788799999
1715788800000,0.2318,0.2353,0.2310,0.2352,4810572.0,1119188.93085,9984,1715803199999
1715803200000,0.2353,0.2363,0.2341,0.2348,3707037.8,871360.24352,6980,1715817599999
1715817600000,0.2349,0.2394,0.2338,0.2385,6412683.2,1517381.47444,11187,1715831999999
1715832000000,0.2386,0.2394,0.2363,0.2378,3343761.5,795439.26876,7380,1715846399999
1715846400000,0.2378,0.2387,0.2364,0.2382,2866257.2,680722.88121,6284,1715860799999
1715860800000,0.2382,0.2383,0.2324,0.2369,8377892.7,1976417.00965,16128,1715875199999
1715875200000,0.2369,0.2383,0.2346,0.2371,4524147.6,1070248.26784,10203,1715889599999
1715889600000,0.2370,0.2395,0.2364,0.2387,2557365.1,608342.31696,6038,1715903999999
1715904000000,0.2387,0.2390,0.2352,0.2379,3309398.5,785683.83940,8104,1715918399999
1715918400000,0.2379,0.2423,0.2367,0.2421,3620267.5,866716.94533,7704,1715932799999
1715932800000,0.2420,0.2422,0.2397,0.2416,3436921.7,828887.53525,7089,1715947199999
1715947200000,0.2417,0.2455,0.2399,0.2455,5204989.6,1262187.61589,9937,1715961599999
1715961600000,0.2455,0.2469,0.2435,0.2452,2912276.4,714611.34229,7765,1715975999999
1715976000000,0.2452,0.2466,0.2447,0.2456,1804130.3,443161.81971,4240,1715990399999
1715990400000,0.2455,0.2472,0.2440,0.2471,3412713.6,838418.66113,7765,1716004799999
1716004800000,0.2471,0.2474,0.2447,0.2450,1842264.5,452951.02316,4709,1716019199999
1716019200000,0.2450,0.2467,0.2449,0.2454,1950347.7,479776.02846,5061,1716033599999
1716033600000,0.2454,0.2458,0.2423,0.2453,3574005.2,872476.97367,9254,1716047999999
1716048000000,0.2454,0.2460,0.2444,0.2448,1849640.2,453518.34133,4836,1716062399999
1716062400000,0.2447,0.2454,0.2437,0.2448,1620404.4,396357.30870,3288,1716076799999
1716076800000,0.2448,0.2461,0.2431,0.2453,2808201.8,686377.89588,6311,1716091199999
1716091200000,0.2452,0.2453,0.2423,0.2442,1754003.0,427800.31367,4955,1716105599999
1716105600000,0.2442,0.2444,0.2403,0.2414,3472386.2,840618.53890,7885,1716119999999
1716120000000,0.2415,0.2417,0.2380,0.2392,3772936.4,904176.10378,8944,1716134399999
1716134400000,0.2392,0.2395,0.2357,0.2362,2925630.1,694040.26707,7798,1716148799999
1716148800000,0.2362,0.2374,0.2350,0.2356,2405756.4,568391.42595,5228,1716163199999
1716163200000,0.2355,0.2368,0.2316,0.2360,4489775.6,1053926.16852,10122,1716177599999
1716177600000,0.2359,0.2418,0.2350,0.2400,5394169.0,1288608.41645,13698,1716191999999
1716192000000,0.2401,0.2410,0.2381,0.2386,3607192.1,863542.52022,7760,1716206399999
1716206400000,0.2386,0.2414,0.2368,0.2409,4512213.2,1077132.81760,9682,1716220799999
1716220800000,0.2409,0.2522,0.2408,0.2521,10170010.3,2504129.69747,19942,1716235199999
1716235200000,0.2520,0.2560,0.2500,0.2556,9921394.3,2508142.53770,17514,1716249599999
1716249600000,0.2556,0.2598,0.2525,0.2545,6777421.1,1735926.96945,14022,1716263999999
1716264000000,0.2546,0.2569,0.2527,0.2566,3327491.6,849058.27087,7112,1716278399999
1716278400000,0.2565,0.2577,0.2552,0.2558,3385191.1,868765.92348,7356,1716292799999
1716292800000,0.2558,0.2572,0.2530,0.2538,6325927.2,1615733.70318,11345,1716307199999
1716307200000,0.2539,0.2581,0.2522,0.2546,7564798.1,1933197.99356,13873,1716321599999
1716321600000,0.2547,0.2563,0.2533,0.2545,3574613.6,910631.94859,7714,1716335999999
1716336000000,0.2544,0.2554,0.2529,0.2540,2141050.8,544129.55105,6818,1716350399999
1716350400000,0.2540,0.2562,0.2490,0.2543,3568131.8,902253.34065,8880,1716364799999
1716364800000,0.2542,0.2555,0.2511,0.2511,3035866.3,769912.57839,7476,1716379199999
1716379200000,0.2511,0.2548,0.2474,0.2546,5807674.8,1457679.62232,14910,1716393599999
1716393600000,0.2545,0.2558,0.2494,0.2518,3840238.9,970342.23393,9903,1716407999999
1716408000000,0.2518,0.2539,0.2488,0.2519,3749156.0,943142.98598,9781,1716422399999
1716422400000,0.2519,0.2544,0.2510,0.2544,3245585.2,819946.73146,9529,1716436799999
1716436800000,0.2544,0.2548,0.2525,0.2535,1852011.8,469770.10474,5754,1716451199999
1716451200000,0.2534,0.2538,0.2479,0.2533,3445964.1,863716.18192,9678,1716465599999
1716465600000,0.2534,0.2551,0.2418,0.2452,13914089.2,3438677.88680,27204,1716479999999
1716480000000,0.2452,0.2457,0.2392,0.2415,7083975.2,1715346.31816,14526,1716494399999
1716494400000,0.2415,0.2465,0.2325,0.2454,14103638.0,3396785.66796,25491,1716508799999
1716508800000,0.2453,0.2477,0.2443,0.2465,3187573.0,785213.82868,8591,1716523199999
1716523200000,0.2465,0.2477,0.2389,0.2429,5752476.5,1397482.19107,13838,1716537599999
1716537600000,0.2428,0.2475,0.2396,0.2472,4526056.7,1105327.86299,11104,1716551999999
1716552000000,0.2473,0.2496,0.2452,0.2471,5269617.5,1303857.98990,12982,1716566399999
1716566400000,0.2471,0.2488,0.2446,0.2474,2949426.0,726586.55147,9367,1716580799999
1716580800000,0.2474,0.2481,0.2465,0.2479,2053159.4,507828.10234,5457,1716595199999
1716595200000,0.2479,0.2507,0.2471,0.2506,2136764.4,531812.16311,6143,1716609599999
1716609600000,0.2506,0.2525,0.2501,0.2511,2898658.3,728266.88314,6867,1716623999999
1716624000000,0.2510,0.2526,0.2501,0.2502,3649950.9,917091.55804,6787,1716638399999
1716638400000,0.2503,0.2516,0.2485,0.2508,3447110.8,862467.45703,8411,1716652799999
1716652800000,0.2509,0.2511,0.2492,0.2496,2122492.6,530665.90875,4599,1716667199999
1716667200000,0.2495,0.2501,0.2489,0.2495,2208891.6,551166.01051,5480,1716681599999
1716681600000,0.2496,0.2505,0.2460,0.2478,3064497.4,759901.43913,8681,1716695999999
1716696000000,0.2479,0.2485,0.2457,0.2476,1856429.8,458587.00834,5629,1716710399999
1716710400000,0.2475,0.2485,0.2447,0.2466,2267695.5,558466.26335,7307,1716724799999
1716724800000,0.2467,0.2475,0.2442,0.2455,3254255.9,800559.77671,8828,1716739199999
1716739200000,0.2455,0.2463,0.2443,0.2447,2527506.7,619689.66934,7719,1716753599999
1716753600000,0.2448,0.2450,0.2415,0.2432,3191023.1,775995.23850,8069,1716767999999
1716768000000,0.2432,0.2466,0.2431,0.2450,2041353.3,499676.83592,7854,1716782399999
1716782400000,0.2450,0.2462,0.2417,0.2432,2881629.2,702026.73001,9283,1716796799999
1716796800000,0.2432,0.2473,0.2428,0.2466,3731756.9,915645.75751,10853,1716811199999
1716811200000,0.2466,0.2529,0.2462,0.2528,4147928.2,1033647.30893,13004,1716825599999
1716825600000,0.2528,0.2537,0.2475,0.2493,4100376.1,1032221.52091,12007,1716839999999
1716840000000,0.2494,0.2525,0.2491,0.2505,2475447.4,621690.46970,8326,1716854399999
1716854400000,0.2505,0.2516,0.2450,0.2470,6848723.4,1696446.85145,19569,1716868799999
1716868800000,0.2470,0.2471,0.2422,0.2438,4651608.7,1134669.81348,14321,1716883199999
1716883200000,0.2438,0.2484,0.2435,0.2466,3487467.0,859053.32299,10239,1716897599999
1716897600000,0.2466,0.2469,0.2426,0.2457,5104048.9,1247944.00919,15505,1716911999999
1716912000000,0.2459,0.2478,0.2427,0.2476,3059619.8,750477.19649,9428,1716926399999
1716926400000,0.2475,0.2493,0.2455,0.2463,3682388.7,911902.73373,8931,1716940799999
1716940800000,0.2463,0.2477,0.2451,0.2466,2180351.9,536707.55939,8502,1716955199999
1716955200000,0.2466,0.2501,0.2461,0.2474,2395926.5,595241.86996,9248,1716969599999
1716969600000,0.2475,0.2507,0.2445,0.2483,4554407.3,1130954.53359,13815,1716983999999
1716984000000,0.2483,0.2499,0.2436,0.2440,6116970.9,1508473.90324,17320,1716998399999
1716998400000,0.2439,0.2467,0.2419,0.2435,4625666.9,1130843.35586,12037,1717012799999
1717012800000,0.2435,0.2439,0.2417,0.2426,2753559.2,669117.30985,8055,1717027199999
1717027200000,0.2425,0.2464,0.2423,0.2459,4994055.2,1223385.95913,15970,1717041599999
1717041600000,0.2459,0.2469,0.2377,0.2387,6188022.6,1500202.26717,17765,1717055999999
1717056000000,0.2386,0.2438,0.2370,0.2420,4915362.5,1181318.02262,15019,1717070399999
1717070400000,0.2419,0.2455,0.2416,0.2445,4340237.2,1055891.47413,12124,1717084799999
1717084800000,0.2445,0.2470,0.2442,0.2450,4028564.7,989560.22597,10747,1717099199999
1717099200000,0.2450,0.2454,0.2424,0.2432,4672281.1,1139364.49844,11797,1717113599999
1717113600000,0.2432,0.2433,0.2397,0.2415,4091304.1,987597.44575,11563,1717127999999
1717128000000,0.2415,0.2425,0.2387,0.2406,3154958.7,760330.04613,8722,1717142399999
1717142400000,0.2406,0.2418,0.2389,0.2412,2579162.5,620046.08957,8244,1717156799999
1717156800000,0.2412,0.2435,0.2381,0.2383,5761689.7,1387610.99967,14535,1717171199999
1717171200000,0.2383,0.2435,0.2362,0.2431,8181784.9,1966284.75762,15260,1717185599999
1717185600000,0.2431,0.2440,0.2424,0.2433,4241115.7,1032181.85617,8227,1717199999999
1717200000000,0.2434,0.2441,0.2416,0.2422,2381639.4,577696.85852,6074,1717214399999
1717214400000,0.2421,0.2427,0.2408,0.2410,2183342.4,527823.09322,4847,1717228799999
1717228800000,0.2411,0.2416,0.2403,0.2405,1953191.5,470502.64780,4494,1717243199999
1717243200000,0.2405,0.2436,0.2399,0.2427,3258198.8,787363.89699,6397,1717257599999
1717257600000,0.2427,0.2429,0.2413,0.2416,2122486.3,513820.43142,4708,1717271999999
1717272000000,0.2416,0.2425,0.2392,0.2418,5139787.9,1238129.39874,8981,1717286399999
1717286400000,0.2417,0.2446,0.2415,0.2438,2303219.9,559573.40031,6479,1717300799999
1717300800000,0.2438,0.2461,0.2426,0.2427,3222202.6,787419.09684,8206,1717315199999
1717315200000,0.2428,0.2440,0.2406,0.2437,3524890.1,852679.42432,8643,1717329599999
1717329600000,0.2438,0.2461,0.2428,0.2452,3054140.1,746561.08445,6560,1717343999999
1717344000000,0.2452,0.2463,0.2421,0.2448,5261390.9,1286633.79094,10982,1717358399999
1717358400000,0.2449,0.2486,0.2419,0.2430,10334571.7,2533034.43983,16116,1717372799999
1717372800000,0.2431,0.2486,0.2404,0.2471,5904830.3,1447853.61434,14203,1717387199999
1717387200000,0.2471,0.2491,0.2435,0.2468,5965859.4,1471381.33212,14645,1717401599999
1717401600000,0.2468,0.2473,0.2452,0.2461,2454966.7,605129.72544,6962,1717415999999
1717416000000,0.2461,0.2488,0.2427,0.2457,5493577.2,1352007.08636,11497,1717430399999
1717430400000,0.2458,0.2461,0.2435,0.2447,3020932.6,739186.03632,6945,1717444799999
1717444800000,0.2447,0.2455,0.2420,0.2426,3122155.4,760126.82743,6847,1717459199999
1717459200000,0.2426,0.2430,0.2403,0.2414,3408934.1,823900.80171,8043,1717473599999
1717473600000,0.2413,0.2417,0.2374,0.2377,3779605.4,903588.32878,8636,1717487999999
1717488000000,0.2377,0.2393,0.2355,0.2375,4000008.0,949169.25396,9384,1717502399999
1717502400000,0.2375,0.2413,0.2365,0.2409,3916597.8,934638.05577,8511,1717516799999
1717516800000,0.2408,0.2421,0.2405,0.2418,3992916.3,963317.79020,6906,1717531199999
1717531200000,0.2419,0.2436,0.2410,0.2435,2385004.7,577689.63252,4709,1717545599999
1717545600000,0.2435,0.2465,0.2433,0.2454,3676363.3,901352.41396,8645,1717559999999
1717560000000,0.2455,0.2470,0.2439,0.2452,4740700.0,1162903.26613,9596,1717574399999
1717574400000,0.2452,0.2482,0.2452,0.2480,2819241.3,695470.82784,7386,1717588799999
1717588800000,0.2480,0.2482,0.2447,0.2479,4787485.2,1180138.73667,10225,1717603199999
1717603200000,0.2479,0.2527,0.2464,0.2505,6053124.4,1510516.35658,11119,1717617599999
1717617600000,0.2506,0.2510,0.2477,0.2498,4474501.0,1115882.53548,8352,1717631999999
1717632000000,0.2499,0.2504,0.2480,0.2482,2369247.6,590586.79240,6102,1717646399999
1717646400000,0.2483,0.2493,0.2444,0.2459,3645861.5,898965.26505,9311,1717660799999
1717660800000,0.2460,0.2486,0.2449,0.2480,2785493.9,686475.72008,5750,1717675199999
1717675200000,0.2479,0.2481,0.2456,0.2462,4544765.9,1121631.36615,9061,1717689599999
1717689600000,0.2463,0.2471,0.2431,0.2435,3769730.4,925622.51938,7912,1717703999999
1717704000000,0.2436,0.2459,0.2411,0.2454,4155473.9,1014253.27019,8543,1717718399999
1717718400000,0.2453,0.2459,0.2442,0.2458,2303840.1,564606.43852,5199,1717732799999
1717732800000,0.2458,0.2490,0.2457,0.2488,2533942.1,626978.87423,6068,1717747199999
1717747200000,0.2487,0.2514,0.2487,0.2507,4437660.0,1108305.96263,9551,1717761599999
1717761600000,0.2505,0.2539,0.2461,0.2522,11185316.4,2809364.34685,18596,1717775999999
1717776000000,0.2523,0.2528,0.2113,0.2318,36328575.2,8370691.75775,53996,1717790399999
1717790400000,0.2319,0.2326,0.2290,0.2293,7803977.2,1799118.36736,11766,1717804799999
1717804800000,0.2292,0.2311,0.2281,0.2305,4221090.7,968113.94514,8708,1717819199999
1717819200000,0.2305,0.2305,0.2285,0.2289,4316989.7,989220.80162,9787,1717833599999
1717833600000,0.2289,0.2289,0.2215,0.2222,8612078.4,1935951.43511,17330,1717847999999
1717848000000,0.2222,0.2235,0.2191,0.2194,8519850.3,1886522.89284,15928,1717862399999
1717862400000,0.2195,0.2199,0.2137,0.2141,9441241.4,2047951.92265,15516,1717876799999
1717876800000,0.2141,0.2146,0.2104,0.2123,6682724.3,1421638.47260,10593,1717891199999
1717891200000,0.2122,0.2191,0.2119,0.2150,7714207.5,1657403.06926,13832,1717905599999
1717905600000,0.2150,0.2200,0.2143,0.2178,5833862.3,1268351.74151,10567,1717919999999
1717920000000,0.2178,0.2190,0.2168,0.2174,2784028.1,606391.27978,6343,1717934399999
1717934400000,0.2174,0.2195,0.2168,0.2177,2616245.6,570233.27805,6372,1717948799999
1717948800000,0.2178,0.2198,0.2174,0.2189,2438110.7,532456.29875,4532,1717963199999
1717963200000,0.2189,0.2194,0.2179,0.2188,2346746.6,513168.30930,4754,1717977599999
1717977600000,0.2187,0.2195,0.2163,0.2173,2389912.3,520981.43380,5769,1717991999999
1717992000000,0.2172,0.2177,0.2137,0.2141,3913668.4,844199.00082,9075,1718006399999
1718006400000,0.2140,0.2216,0.2139,0.2211,5774709.9,1263721.87301,11163,1718020799999
1718020800000,0.2211,0.2252,0.2184,0.2241,7544632.4,1671142.34699,14249,1718035199999
1718035200000,0.2241,0.2245,0.2202,0.2205,4475789.5,995207.59624,10432,1718049599999
1718049600000,0.2205,0.2207,0.2183,0.2201,3153264.2,692505.89729,7976,1718063999999
1718064000000,0.2202,0.2220,0.2120,0.2188,10136158.8,2205826.46514,19421,1718078399999
1718078400000,0.2187,0.2197,0.2158,0.2179,7168947.1,1561765.16236,12389,1718092799999
1718092800000,0.2179,0.2190,0.2157,0.2159,5876609.2,1276570.91783,10940,1718107199999
1718107200000,0.2159,0.2174,0.2061,0.2093,16889571.7,3586772.49574,24337,1718121599999
1718121600000,0.2092,0.2135,0.2074,0.2131,8574031.5,1808757.43653,14559,1718135999999
1718136000000,0.2131,0.2157,0.2125,0.2151,4002218.2,858388.82531,8244,1718150399999
1718150400000,0.2151,0.2168,0.2107,0.2158,5914222.8,1265124.14258,12643,1718164799999
1718164800000,0.2158,0.2165,0.2143,0.2164,3274019.9,705789.96488,7236,1718179199999
1718179200000,0.2164,0.2221,0.2156,0.2182,13626830.3,2998059.01123,15193,1718193599999
1718193600000,0.2183,0.2279,0.2172,0.2255,14825399.0,3294595.36264,21458,1718207999999
1718208000000,0.2256,0.2294,0.2201,0.2221,13973607.1,3150255.99669,24892,1718222399999
1718222400000,0.2220,0.2248,0.2209,0.2235,3914711.9,873905.99635,8110,1718236799999
1718236800000,0.2235,0.2255,0.2174,0.2206,7488398.6,1659880.92179,15247,1718251199999
1718251200000,0.2205,0.2213,0.2178,0.2187,3482013.7,764027.15425,8823,1718265599999
1718265600000,0.2187,0.2192,0.2160,0.2163,3965440.9,863324.34947,8137,1718279999999
1718280000000,0.2163,0.2196,0.2126,0.2132,8293719.6,1793268.63360,16266,1718294399999
1718294400000,0.2133,0.2154,0.2119,0.2134,4907699.8,1050224.17364,10219,1718308799999
1718308800000,0.2133,0.2143,0.2102,0.2115,3673240.6,778000.08736,8138,1718323199999
1718323200000,0.2115,0.2150,0.2099,0.2139,5654488.5,1201276.39964,13249,1718337599999
1718337600000,0.2140,0.2164,0.2128,0.2160,2600050.8,558560.26268,6273,1718351999999
1718352000000,0.2159,0.2176,0.2149,0.2167,2895322.6,626168.83839,6386,1718366399999
1718366400000,0.2167,0.2179,0.2131,0.2149,7481568.8,1613055.50402,14922,1718380799999
1718380800000,0.2149,0.2151,0.2040,0.2061,16066309.7,3350629.56396,24284,1718395199999
1718395200000,0.2062,0.2108,0.2059,0.2097,4268957.2,891127.17935,9638,1718409599999
1718409600000,0.2097,0.2117,0.2093,0.2117,2734905.4,575716.48140,7611,1718423999999
1718424000000,0.2118,0.2135,0.2107,0.2127,2133850.7,452847.64459,5362,1718438399999
1718438400000,0.2128,0.2133,0.2112,0.2120,1889824.8,401177.30653,4497,1718452799999
1718452800000,0.2120,0.2134,0.2112,0.2130,2054587.6,436381.34940,6138,1718467199999
1718467200000,0.2131,0.2149,0.2128,0.2149,3287154.4,702749.75651,7827,1718481599999
1718481600000,0.2149,0.2149,0.2126,0.2134,2907587.0,620994.32909,6295,1718495999999
1718496000000,0.2134,0.2141,0.2106,0.2108,2537972.9,538253.73522,6612,1718510399999
1718510400000,0.2107,0.2139,0.2092,0.2132,3530583.8,747550.08060,7400,1718524799999
1718524800000,0.2132,0.2135,0.2119,0.2125,1639484.8,348830.48598,4269,1718539199999
1718539200000,0.2126,0.2156,0.2123,0.2142,1860546.3,398363.85477,5298,1718553599999
1718553600000,0.2142,0.2144,0.2128,0.2137,2016471.1,430680.03365,4356,1718567999999
1718568000000,0.2136,0.2151,0.2122,0.2137,2496239.2,532923.25012,5570,1718582399999
1718582400000,0.2137,0.2148,0.2077,0.2081,5564448.0,1171077.48110,13014,1718596799999
1718596800000,0.2082,0.2097,0.2036,0.2053,4686650.8,968116.96575,11178,1718611199999
1718611200000,0.2053,0.2063,0.1991,0.2019,8014176.2,1622559.56321,15051,1718625599999
1718625600000,0.2019,0.2028,0.1987,0.1993,5575563.6,1119563.41302,11354,1718639999999
1718640000000,0.1994,0.2042,0.1918,0.2024,11468299.5,2286715.53678,18876,1718654399999
1718654400000,0.2024,0.2025,0.1966,0.1973,6203780.3,1237703.71299,11601,1718668799999
1718668800000,0.1973,0.1983,0.1718,0.1842,38473615.3,7135756.58500,51630,1718683199999
1718683200000,0.1842,0.1855,0.1831,0.1840,6080251.5,1120481.89467,7797,1718697599999
1718697600000,0.1840,0.1853,0.1825,0.1828,9734429.8,1791513.13261,10266,1718711999999
1718712000000,0.1828,0.1833,0.1756,0.1785,19510882.9,3498190.35243,22092,1718726399999
1718726400000,0.1785,0.1789,0.1750,0.1788,10427497.4,1844882.76194,12923,1718740799999
1718740800000,0.1789,0.1827,0.1776,0.1822,7132759.9,1285052.05001,10401,1718755199999
1718755200000,0.1823,0.1877,0.1810,0.1861,8518462.5,1573551.55187,12791,1718769599999
1718769600000,0.1861,0.1891,0.1861,0.1885,4125256.0,772974.95508,7468,1718783999999
1718784000000,0.1885,0.1887,0.1853,0.1865,3735082.3,697237.35232,7461,1718798399999
1718798400000,0.1866,0.1881,0.1851,0.1877,5597514.7,1046120.14568,8493,1718812799999
1718812800000,0.1877,0.1903,0.1872,0.1874,4344170.3,818474.55340,7266,1718827199999
1718827200000,0.1873,0.1888,0.1858,0.1872,2662829.9,498929.52968,5149,1718841599999
1718841600000,0.1871,0.1921,0.1863,0.1917,5060791.2,959614.62164,9350,1718855999999
1718856000000,0.1916,0.1956,0.1905,0.1952,5611162.5,1081676.50801,9792,1718870399999
1718870400000,0.1952,0.1975,0.1945,0.1959,4176940.2,818277.92563,7886,1718884799999
1718884800000,0.1959,0.1963,0.1906,0.1907,6470673.7,1248354.89950,12330,1718899199999
1718899200000,0.1908,0.1926,0.1886,0.1925,4766055.7,909279.14220,8970,1718913599999
1718913600000,0.1926,0.1930,0.1908,0.1909,2528487.9,484961.03532,5030,1718927999999
1718928000000,0.1910,0.1944,0.1892,0.1934,4572441.6,877265.59529,8965,1718942399999
1718942400000,0.1934,0.1947,0.1895,0.1905,4645792.1,894345.29227,7115,1718956799999
1718956800000,0.1906,0.1930,0.1882,0.1916,6591674.5,1259995.68954,10242,1718971199999
1718971200000,0.1915,0.1936,0.1882,0.1912,5591069.7,1066644.97387,9738,1718985599999
1718985600000,0.1911,0.1916,0.1878,0.1905,4165046.4,790203.74208,7885,1718999999999
1719000000000,0.1905,0.1917,0.1890,0.1901,2276081.8,432659.40085,4558,1719014399999
1719014400000,0.1900,0.1901,0.1871,0.1883,3137448.8,590112.28083,5861,1719028799999
1719028800000,0.1883,0.1893,0.1876,0.1878,1683456.3,317562.23989,3839,1719043199999
1719043200000,0.1879,0.1891,0.1870,0.1887,1631568.2,306942.50891,3867,1719057599999
1719057600000,0.1887,0.1896,0.1881,0.1895,2085414.3,393613.66585,3905,1719071999999
1719072000000,0.1895,0.1909,0.1891,0.1895,1445508.7,274477.38325,3591,1719086399999
1719086400000,0.1896,0.1898,0.1885,0.1889,1350531.1,255482.98231,3295,1719100799999
1719100800000,0.1888,0.1921,0.1886,0.1918,2063316.5,394013.61048,5104,1719115199999
1719115200000,0.1918,0.1921,0.1903,0.1912,1562258.0,298394.74494,4102,1719129599999
1719129600000,0.1911,0.1925,0.1905,0.1911,2142871.9,410530.97674,4547,1719143999999
1719144000000,0.1911,0.1918,0.1875,0.1884,2710756.8,514499.14953,5550,1719158399999
1719158400000,0.1884,0.1885,0.1859,0.1878,2970142.1,556165.71663,6415,1719172799999
1719172800000,0.1878,0.1884,0.1840,0.1856,3657957.6,681416.06320,7544,1719187199999
1719187200000,0.1857,0.1882,0.1838,0.1856,3355165.8,625044.51671,7909,1719201599999
1719201600000,0.1856,0.1861,0.1807,0.1830,5505021.7,1008208.22296,11210,1719215999999
1719216000000,0.1830,0.1857,0.1766,0.1840,9536634.9,1741092.06869,15525,1719230399999
1719230400000,0.1840,0.1881,0.1836,0.1857,4991141.2,929048.38888,9390,1719244799999
1719244800000,0.1857,0.1876,0.1833,0.1842,7642147.4,1415247.07830,14759,1719259199999
1719259200000,0.1842,0.1904,0.1814,0.1901,6602385.7,1225843.35216,13144,1719273599999
1719273600000,0.1901,0.1915,0.1887,0.1909,3599416.9,684633.96088,9062,1719287999999
1719288000000,0.1908,0.1917,0.1900,0.1905,2166671.4,413360.58453,5474,1719302399999
1719302400000,0.1905,0.1935,0.1905,0.1932,2946993.6,566571.93244,6568,1719316799999
1719316800000,0.1932,0.1965,0.1927,0.1953,3273226.6,636091.26609,7590,1719331199999
1719331200000,0.1954,0.1969,0.1940,0.1963,3374302.0,659452.25910,7491,1719345599999
1719345600000,0.1963,0.1964,0.1933,0.1936,1567850.6,305484.70814,3934,1719359999999
1719360000000,0.1936,0.1953,0.1923,0.1926,3398054.7,657953.29999,7046,1719374399999
1719374400000,0.1926,0.1928,0.1905,0.1912,3316038.6,634366.73369,6061,1719388799999
1719388800000,0.1912,0.1927,0.1900,0.1921,3447493.9,659844.45656,6763,1719403199999
1719403200000,0.1919,0.1932,0.1900,0.1911,3458084.9,662052.43750,6517,1719417599999
1719417600000,0.1910,0.1934,0.1887,0.1934,4332087.5,825637.09767,7662,1719431999999
1719432000000,0.1934,0.1940,0.1905,0.1912,3967156.3,762572.44297,6577,1719446399999
1719446400000,0.1912,0.1914,0.1886,0.1902,3292140.3,625692.85007,6786,1719460799999
1719460800000,0.1903,0.1912,0.1886,0.1899,2795004.6,530289.72051,5658,1719475199999
1719475200000,0.1900,0.1944,0.1895,0.1942,3070731.4,588888.20030,6363,1719489599999
1719489600000,0.1941,0.1973,0.1934,0.1964,5039319.2,986725.14780,9869,1719503999999
1719504000000,0.1964,0.1968,0.1951,0.1963,2374661.5,465267.59548,5270,1719518399999
1719518400000,0.1963,0.1979,0.1957,0.1974,2879044.3,566783.75160,4307,1719532799999
1719532800000,0.1973,0.1979,0.1947,0.1973,4368987.7,858421.64175,8096,1719547199999
1719547200000,0.1974,0.1975,0.1957,0.1967,1865939.1,367112.11357,5079,1719561599999
1719561600000,0.1967,0.1989,0.1964,0.1987,2755176.9,545298.74778,6531,1719575999999
1719576000000,0.1987,0.2000,0.1970,0.1985,4813550.8,955856.06641,10095,1719590399999
1719590400000,0.1986,0.1988,0.1945,0.1961,5103099.8,1002619.29160,9862,1719604799999
1719604800000,0.1962,0.1968,0.1930,0.1933,2462403.7,478950.74953,6239,1719619199999
1719619200000,0.1934,0.1968,0.1931,0.1960,1948497.9,380022.41299,5558,1719633599999
1719633600000,0.1960,0.1965,0.1934,0.1942,1653104.5,321531.04868,4409,1719647999999
1719648000000,0.1942,0.1944,0.1920,0.1932,2904506.7,559758.02558,5319,1719662399999
1719662400000,0.1931,0.1933,0.1904,0.1912,2067439.8,396015.26714,5533,1719676799999
1719676800000,0.1912,0.1921,0.1895,0.1902,2036783.1,389182.97386,5039,1719691199999
1719691200000,0.1901,0.1904,0.1880,0.1888,1805961.9,341392.27136,4683,1719705599999
1719705600000,0.1887,0.1891,0.1854,0.1873,4557111.9,854084.33537,8822,1719719999999
1719720000000,0.1873,0.1914,0.1864,0.1906,3264582.6,615206.43226,6465,1719734399999
1719734400000,0.1906,0.1928,0.1898,0.1899,2998756.1,573466.97534,6493,1719748799999
1719748800000,0.1900,0.1918,0.1893,0.1914,2330953.2,444704.24848,6045,1719763199999
1719763200000,0.1914,0.1928,0.1905,0.1926,2291435.1,439255.72624,5027,1719777599999
1719777600000,0.1926,0.1982,0.1925,0.1969,4425579.5,864999.80708,7782,1719791999999
1719792000000,0.1969,0.1994,0.1952,0.1976,3684110.3,726892.64142,8177,1719806399999
1719806400000,0.1976,0.1979,0.1951,0.1957,2769263.6,543952.96269,5276,1719820799999
1719820800000,0.1957,0.1958,0.1929,0.1931,2775777.7,539810.29687,5844,1719835199999
1719835200000,0.1930,0.1941,0.1901,0.1918,4033492.0,774276.88679,7936,1719849599999
1719849600000,0.1919,0.1942,0.1916,0.1931,3572561.9,689048.61111,6253,1719863999999
1719864000000,0.1930,0.1931,0.1887,0.1893,2774885.5,528697.61286,5576,1719878399999
1719878400000,0.1893,0.1917,0.1890,0.1909,3796560.1,722159.38789,7607,1719892799999
1719892800000,0.1909,0.1926,0.1897,0.1903,3631092.9,693825.02800,6242,1719907199999
1719907200000,0.1903,0.1917,0.1893,0.1902,2479909.0,472629.65582,4394,1719921599999
1719921600000,0.1902,0.1929,0.1892,0.1902,3258757.3,621349.29980,7100,1719935999999
1719936000000,0.1902,0.1918,0.1883,0.1909,2927060.5,555538.31554,5801,1719950399999
1719950400000,0.1910,0.1910,0.1893,0.1902,1870720.4,355429.88603,4014,1719964799999
1719964800000,0.1903,0.1909,0.1846,0.1873,4043809.8,758781.64603,8774,1719979199999
1719979200000,0.1874,0.1893,0.1866,0.1889,1638698.1,308068.89559,4386,1719993599999
1719993600000,0.1889,0.1901,0.1862,0.1879,3652539.1,687582.97575,7884,1720007999999
1720008000000,0.1879,0.1892,0.1854,0.1861,4541006.3,848359.06014,9584,1720022399999
1720022400000,0.1862,0.1874,0.1824,0.1833,4688030.1,866616.48608,8520,1720036799999
1720036800000,0.1833,0.1857,0.1829,0.1846,2947880.0,543096.48103,5459,1720051199999
1720051200000,0.1847,0.1857,0.1755,0.1812,11441930.5,2060711.74470,20148,1720065599999
1720065600000,0.1813,0.1817,0.1781,0.1795,3872103.7,697523.15063,7797,1720079999999
1720080000000,0.1796,0.1805,0.1762,0.1768,5504623.0,981432.75843,10764,1720094399999
1720094400000,0.1767,0.1771,0.1711,0.1756,7612286.2,1326358.03534,13227,1720108799999
1720108800000,0.1756,0.1758,0.1736,0.1744,3670375.6,641290.01486,6974,1720123199999
1720123200000,0.1744,0.1768,0.1681,0.1691,5360124.1,925188.93821,9526,1720137599999
1720137600000,0.1690,0.1694,0.1492,0.1533,35020588.1,5557563.15309,46702,1720151999999
1720152000000,0.1534,0.1576,0.1493,0.1566,12925667.0,1992529.26317,14486,1720166399999
1720166400000,0.1566,0.1615,0.1518,0.1606,10489429.5,1639366.94981,12407,1720180799999
1720180800000,0.1606,0.1688,0.1594,0.1685,11204484.6,1832754.41169,14436,1720195199999
1720195200000,0.1684,0.1692,0.1652,0.1681,8046935.1,1347707.87440,11697,1720209599999
1720209600000,0.1681,0.1686,0.1663,0.1680,3495524.4,586222.90635,7057,1720223999999
1720224000000,0.1680,0.1719,0.1658,0.1677,4773892.8,804366.32675,8897,1720238399999
1720238400000,0.1678,0.1709,0.1673,0.1702,2908155.9,491132.24612,5522,1720252799999
1720252800000,0.1702,0.1702,0.1675,0.1693,3608937.8,609538.87541,5963,1720267199999
1720267200000,0.1692,0.1714,0.1678,0.1707,4273820.4,723432.19053,7131,1720281599999
1720281600000,0.1708,0.1753,0.1703,0.1752,3551250.6,617688.01138,6659,1720295999999
1720296000000,0.1752,0.1769,0.1750,0.1762,2310818.8,406064.00431,4194,1720310399999
1720310400000,0.1762,0.1768,0.1735,0.1758,3246627.8,569865.91201,6148,1720324799999
1720324800000,0.1758,0.1758,0.1720,0.1734,3718768.0,646607.78659,6122,1720339199999
1720339200000,0.1734,0.1757,0.1728,0.1750,2807207.7,489653.58647,5442,1720353599999
1720353600000,0.1750,0.1765,0.1691,0.1705,8103797.4,1393274.88156,11210,1720367999999
1720368000000,0.1704,0.1724,0.1699,0.1701,2917818.6,499604.09150,5407,1720382399999
1720382400000,0.1701,0.1710,0.1643,0.1652,5188424.6,868415.34092,7843,1720396799999
1720396800000,0.1652,0.1658,0.1587,0.1640,10243903.5,1662987.38923,15672,1720411199999
1720411200000,0.1639,0.1673,0.1634,0.1657,4510960.4,745842.42337,8094,1720425599999
1720425600000,0.1656,0.1742,0.1653,0.1738,7127875.2,1222506.98685,10694,1720439999999
1720440000000,0.1738,0.1742,0.1653,0.1693,12447679.2,2122581.95185,15925,1720454399999
1720454400000,0.1692,0.1705,0.1676,0.1695,5441529.2,921302.95160,7851,1720468799999
1720468800000,0.1696,0.1704,0.1678,0.1694,3066298.9,518672.34259,5179,1720483199999
1720483200000,0.1695,0.1724,0.1683,0.1713,4308812.3,733209.28235,8087,1720497599999
1720497600000,0.1713,0.1725,0.1705,0.1719,2656095.8,455472.23361,4885,1720511999999
1720512000000,0.1718,0.1740,0.1710,0.1727,3101124.0,536085.38047,5690,1720526399999
1720526400000,0.1727,0.1755,0.1717,0.1747,4710935.5,816295.34081,7919,1720540799999
1720540800000,0.1747,0.1761,0.1737,0.1757,3941269.8,689594.74849,6574,1720555199999
1720555200000,0.1757,0.1777,0.1752,0.1774,3260676.4,575377.89291,6285,1720569599999
1720569600000,0.1774,0.1776,0.1743,0.1770,4474160.0,787222.75833,8215,1720583999999
1720584000000,0.1769,0.1803,0.1767,0.1779,4556900.6,813914.60750,7933,1720598399999
1720598400000,0.1779,0.1788,0.1765,0.1771,3083209.8,547587.07577,6508,1720612799999
1720612800000,0.1771,0.1780,0.1748,0.1774,4240704.4,746838.36849,9027,1720627199999
1720627200000,0.1774,0.1786,0.1768,0.1781,4217622.5,749723.93180,6763,1720641599999
1720641600000,0.1781,0.1795,0.1767,0.1794,3028518.8,538774.87049,4861,1720655999999
1720656000000,0.1794,0.1814,0.1781,0.1795,4912090.7,881945.04616,10195,1720670399999
1720670400000,0.1794,0.1810,0.1791,0.1809,2211660.9,398248.48119,5498,1720684799999
1720684800000,0.1808,0.1817,0.1794,0.1813,3226797.8,582143.91807,5776,1720699199999
1720699200000,0.1813,0.1842,0.1805,0.1814,7544433.7,1376940.47845,13711,1720713599999
1720713600000,0.1814,0.1836,0.1795,0.1816,3873425.1,704416.91950,6627,1720727999999
1720728000000,0.1817,0.1817,0.1783,0.1792,3742257.6,673569.71701,6887,1720742399999
1720742400000,0.1792,0.1806,0.1775,0.1779,4089521.7,732485.85942,7527,1720756799999
1720756800000,0.1780,0.1803,0.1769,0.1775,4777892.7,853561.28018,9142,1720771199999
1720771200000,0.1776,0.1793,0.1759,0.1764,3502757.2,621518.28611,6839,1720785599999
1720785600000,0.1765,0.1804,0.1763,0.1801,4000058.2,715553.58988,7390,1720799999999
1720800000000,0.1802,0.1815,0.1794,0.1803,3029399.4,547002.35590,6526,1720814399999
1720814400000,0.1803,0.1819,0.1791,0.1819,2584320.8,466570.35066,4981,1720828799999
1720828800000,0.1818,0.1825,0.1804,0.1821,2682683.1,486946.29689,4593,1720843199999
1720843200000,0.1821,0.1852,0.1818,0.1847,2792445.9,512752.21973,5717,1720857599999
1720857600000,0.1847,0.1862,0.1839,0.1843,3558047.5,657486.32507,6426,1720871999999
1720872000000,0.1844,0.1854,0.1838,0.1852,1720993.5,317594.88050,4113,1720886399999
1720886400000,0.1853,0.1857,0.1836,0.1841,2592716.4,478360.57407,5160,1720900799999
1720900800000,0.1840,0.1861,0.1834,0.1850,3069119.8,566264.59459,6210,1720915199999
1720915200000,0.1851,0.1861,0.1844,0.1850,3030629.9,561330.05712,6378,1720929599999
1720929600000,0.1851,0.1869,0.1848,0.1853,3371407.4,626848.36556,6282,1720943999999
1720944000000,0.1854,0.1859,0.1846,0.1847,2320870.6,430067.81019,5239,1720958399999
1720958400000,0.1848,0.1859,0.1833,0.1845,2803243.3,517155.92009,5189,1720972799999
1720972800000,0.1846,0.1858,0.1845,0.1851,3002501.7,556116.25088,4922,1720987199999
1720987200000,0.1850,0.1891,0.1847,0.1888,4156176.7,778823.28963,7993,1721001599999
1721001600000,0.1887,0.1911,0.1884,0.1904,4175112.7,791550.66749,8692,1721015999999
1721016000000,0.1903,0.1917,0.1890,0.1911,2999514.6,570655.62427,5668,1721030399999
1721030400000,0.1911,0.1914,0.1894,0.1906,2704090.3,514874.20826,5814,1721044799999
1721044800000,0.1906,0.1920,0.1901,0.1917,2911222.9,556305.04298,6671,1721059199999
1721059200000,0.1916,0.1934,0.1909,0.1930,4439939.7,853606.43325,9427,1721073599999
1721073600000,0.1930,0.1964,0.1925,0.1961,5511843.8,1068757.98316,9981,1721087999999
1721088000000,0.1961,0.1978,0.1948,0.1973,5014917.3,985548.13152,9609,1721102399999
1721102400000,0.1974,0.1975,0.1897,0.1908,7547603.8,1460263.05745,13827,1721116799999
1721116800000,0.1907,0.1931,0.1887,0.1923,7256073.3,1388573.76564,12901,1721131199999
1721131200000,0.1924,0.1977,0.1909,0.1970,4639076.2,898711.65352,8800,1721145599999
1721145600000,0.1970,0.1986,0.1947,0.1966,7274612.0,1432276.14322,10314,1721159999999
1721160000000,0.1966,0.1987,0.1955,0.1966,4907619.7,967721.48743,7742,1721174399999
1721174400000,0.1966,0.2002,0.1962,0.1984,3911909.0,776747.98056,8288,1721188799999
1721188800000,0.1984,0.2016,0.1982,0.2009,3749995.4,750217.98118,6540,1721203199999
1721203200000,0.2010,0.2026,0.1991,0.2013,4990965.7,1002329.77142,9239,1721217599999
1721217600000,0.2013,0.2038,0.1999,0.2003,6408459.1,1295015.39241,11611,1721231999999
1721232000000,0.2003,0.2010,0.1971,0.1996,4818506.8,959482.89370,9847,1721246399999
1721246400000,0.1995,0.2002,0.1962,0.1966,3152684.4,625336.12244,5276,1721260799999
1721260800000,0.1965,0.2018,0.1965,0.2008,3373911.0,673863.73614,6785,1721275199999
1721275200000,0.2008,0.2009,0.1975,0.1976,3180811.4,633834.98679,6931,1721289599999
1721289600000,0.1977,0.1984,0.1880,0.1933,19774176.9,3794232.51927,20666,1721303999999
1721304000000,0.1933,0.1945,0.1884,0.1885,8065142.2,1544021.67508,11102,1721318399999
1721318400000,0.1886,0.1894,0.1860,0.1864,6021817.6,1130587.23232,8828,1721332799999
1721332800000,0.1864,0.1890,0.1858,0.1886,4275820.4,801827.04917,6143,1721347199999
1721347200000,0.1887,0.1920,0.1864,0.1919,5570151.1,1052630.37396,8337,1721361599999
1721361600000,0.1920,0.1933,0.1899,0.1907,5131737.3,981628.98925,6635,1721375999999
1721376000000,0.1907,0.1917,0.1889,0.1916,5052863.7,960918.78028,7344,1721390399999
1721390400000,0.1917,0.1956,0.1905,0.1956,6791493.8,1309833.68484,10714,1721404799999
1721404800000,0.1956,0.2007,0.1953,0.2006,6145417.0,1215978.65297,9421,1721419199999
1721419200000,0.2006,0.2023,0.2000,0.2014,5085460.9,1023777.93701,7889,1721433599999
1721433600000,0.2015,0.2023,0.1997,0.2013,3261213.5,655568.25292,5696,1721447999999
1721448000000,0.2012,0.2025,0.2003,0.2009,2450774.2,493134.88986,4519,1721462399999
1721462400000,0.2009,0.2016,0.1983,0.1984,3114610.3,622785.01551,6032,1721476799999
1721476800000,0.1984,0.2005,0.1975,0.2001,2738408.1,544990.13498,6832,1721491199999
1721491200000,0.2001,0.2011,0.1989,0.1991,3569144.1,714277.99880,5943,1721505599999
1721505600000,0.1990,0.1998,0.1980,0.1986,1807333.5,359407.98607,3818,1721519999999
1721520000000,0.1987,0.2056,0.1985,0.2013,8680883.5,1756556.89345,11778,1721534399999
1721534400000,0.2013,0.2017,0.1980,0.1991,3197585.1,638829.33805,6524,1721548799999
1721548800000,0.1990,0.2006,0.1990,0.1999,2201704.4,440136.09130,5015,1721563199999
1721563200000,0.1999,0.2015,0.1980,0.2000,3731160.4,746644.59441,6626,1721577599999
1721577600000,0.1999,0.2035,0.1941,0.2013,11320373.3,2258806.40155,15400,1721591999999
1721592000000,0.2013,0.2063,0.2008,0.2056,5720449.6,1167157.03458,9196,1721606399999
1721606400000,0.2056,0.2062,0.2007,0.2007,7914225.2,1610403.49554,9815,1721620799999
1721620800000,0.2007,0.2016,0.1963,0.1965,3743655.1,744376.23637,6589,1721635199999
1721635200000,0.1965,0.1989,0.1964,0.1985,3254604.3,642782.75612,5809,1721649599999
1721649600000,0.1986,0.1992,0.1960,0.1963,4201297.4,829351.36840,7470,1721663999999
1721664000000,0.1963,0.1981,0.1963,0.1981,2660209.3,524017.37075,4528,1721678399999
1721678400000,0.1980,0.1984,0.1936,0.1937,4033409.7,789375.37528,6348,1721692799999
1721692800000,0.1937,0.1979,0.1937,0.1967,3429781.9,672325.68733,5606,1721707199999
1721707200000,0.1968,0.1970,0.1922,0.1939,4931651.0,955377.66178,8913,1721721599999
1721721600000,0.1939,0.1970,0.1934,0.1957,6557187.9,1282341.32187,9553,1721735999999
1721736000000,0.1956,0.1966,0.1928,0.1941,7458084.0,1453338.21471,10289,1721750399999
1721750400000,0.1941,0.1942,0.1889,0.1920,6437884.1,1231541.94655,9848,1721764799999
1721764800000,0.1920,0.1929,0.1908,0.1918,2595682.9,498453.56897,3940,1721779199999
1721779200000,0.1918,0.1930,0.1906,0.1925,2271752.2,435840.67277,4866,1721793599999
1721793600000,0.1924,0.1943,0.1912,0.1941,2521340.9,486008.85033,4241,1721807999999
1721808000000,0.1942,0.2047,0.1934,0.2031,23022535.2,4625802.93899,25458,1721822399999
1721822400000,0.2030,0.2078,0.1957,0.1958,32193090.4,6477290.90581,34971,1721836799999
1721836800000,0.1959,0.1974,0.1945,0.1945,7255678.1,1422547.59225,9577,1721851199999
1721851200000,0.1946,0.1953,0.1907,0.1921,5717799.8,1101146.14263,8944,1721865599999
1721865600000,0.1922,0.1937,0.1834,0.1856,16460598.0,3089038.99509,22307,1721879999999
1721880000000,0.1855,0.1871,0.1845,0.1853,4564893.8,847947.50556,7129,1721894399999
1721894400000,0.1853,0.1864,0.1835,0.1849,3954182.3,731213.90819,6346,1721908799999
1721908800000,0.1849,0.1858,0.1817,0.1849,6756690.1,1241384.86539,10547,1721923199999
1721923200000,0.1849,0.1862,0.1805,0.1814,7647494.4,1402743.24865,10378,1721937599999
1721937600000,0.1815,0.1842,0.1787,0.1839,7534216.5,1369952.04549,11024,1721951999999
1721952000000,0.1839,0.1884,0.1824,0.1864,8469298.3,1571031.48206,9696,1721966399999
1721966400000,0.1863,0.1887,0.1860,0.1877,2755366.0,516561.37711,4949,1721980799999
1721980800000,0.1876,0.1885,0.1862,0.1875,3304720.3,618749.17586,4736,1721995199999
1721995200000,0.1875,0.1891,0.1862,0.1889,5338946.8,1002770.55234,7433,1722009599999
1722009600000,0.1888,0.1930,0.1888,0.1921,5218203.4,994780.47641,5902,1722023999999
1722024000000,0.1921,0.1931,0.1909,0.1929,2579820.4,495633.54831,3893,1722038399999
1722038400000,0.1929,0.1936,0.1918,0.1920,2241947.4,431935.79650,4149,1722052799999
1722052800000,0.1920,0.1949,0.1919,0.1943,3526822.9,682526.12788,5283,1722067199999
1722067200000,0.1942,0.1949,0.1930,0.1943,1519472.1,294729.11884,3467,1722081599999
1722081600000,0.1942,0.1970,0.1942,0.1949,2993453.2,585020.10288,5471,1722095999999
1722096000000,0.1948,0.1970,0.1937,0.1964,4573955.8,893852.18355,7973,1722110399999
1722110400000,0.1965,0.1990,0.1929,0.1980,5336523.5,1048781.10056,10162,1722124799999
1722124800000,0.1980,0.1984,0.1950,0.1965,5567787.9,1096407.26210,8276,1722139199999
1722139200000,0.1965,0.1969,0.1937,0.1961,3470595.2,678734.40400,5755,1722153599999
1722153600000,0.1960,0.1987,0.1946,0.1982,10008520.3,1972783.39017,11779,1722167999999
1722168000000,0.1982,0.1986,0.1950,0.1954,4700343.0,925427.54384,7197,1722182399999
1722182400000,0.1954,0.1977,0.1952,0.1970,2991128.7,588000.39989,5624,1722196799999
1722196800000,0.1969,0.1974,0.1942,0.1964,3146917.3,615802.25582,4717,1722211199999
1722211200000,0.1964,0.1997,0.1961,0.1972,6300511.6,1248381.85988,9188,1722225599999
1722225600000,0.1973,0.1984,0.1968,0.1976,4086217.3,807517.68695,6257,1722239999999
1722240000000,0.1976,0.1995,0.1974,0.1984,4227649.8,839492.17968,6332,1722254399999
1722254400000,0.1983,0.1988,0.1932,0.1941,6363248.0,1248782.97028,9654,1722268799999
1722268800000,0.1941,0.1950,0.1924,0.1944,7058446.3,1366413.28120,9826,1722283199999
1722283200000,0.1943,0.1944,0.1914,0.1917,4592631.2,885839.08969,6647,1722297599999
1722297600000,0.1916,0.1958,0.1901,0.1942,7859193.1,1517617.26193,9860,1722311999999
1722312000000,0.1941,0.1954,0.1935,0.1946,2722923.3,529382.72703,4376,1722326399999
1722326400000,0.1946,0.1961,0.1940,0.1954,3597163.8,701703.12484,5366,1722340799999
1722340800000,0.1953,0.1960,0.1934,0.1950,3615349.5,703722.92509,5613,1722355199999
1722355200000,0.1950,0.1964,0.1913,0.1923,4410740.7,855123.60808,7984,1722369599999
1722369600000,0.1923,0.1935,0.1900,0.1924,3694770.2,708809.95502,6433,1722383999999
1722384000000,0.1924,0.1952,0.1915,0.1942,2873410.0,556055.73210,5169,1722398399999
1722398400000,0.1941,0.1973,0.1922,0.1965,4734893.2,923458.09558,6924,1722412799999
1722412800000,0.1966,0.1968,0.1945,0.1955,3348269.4,655456.85649,6415,1722427199999
1722427200000,0.1954,0.1975,0.1949,0.1959,3609809.1,707644.47631,6210,1722441599999
1722441600000,0.1958,0.1984,0.1938,0.1947,5446958.8,1069399.87191,9701,1722455999999
1722456000000,0.1946,0.1947,0.1915,0.1933,5149161.7,996055.06352,8842,1722470399999
1722470400000,0.1932,0.1953,0.1920,0.1928,3987294.6,772466.13751,7385,1722484799999
1722484800000,0.1927,0.1928,0.1869,0.1876,7790254.8,1472963.55628,10906,1722499199999
1722499200000,0.1877,0.1886,0.1863,0.1869,3402055.4,637486.31127,5250,1722513599999
1722513600000,0.1870,0.1881,0.1814,0.1814,7215050.0,1329285.79825,9911,1722527999999
1722528000000,0.1814,0.1814,0.1725,0.1771,16072223.2,2848526.95448,17624,1722542399999
1722542400000,0.1771,0.1860,0.1765,0.1849,8313932.9,1512490.00203,10958,1722556799999
1722556800000,0.1849,0.1851,0.1790,0.1809,6425640.3,1171258.11230,9295,1722571199999
1722571200000,0.1810,0.1813,0.1768,0.1793,4818263.1,861415.55767,8220,1722585599999
1722585600000,0.1793,0.1808,0.1775,0.1796,3260912.6,585181.12110,5651,1722599999999
1722600000000,0.1796,0.1821,0.1696,0.1743,15198294.4,2666748.66788,17177,1722614399999
1722614400000,0.1743,0.1748,0.1705,0.1721,5574746.1,962909.80539,8089,1722628799999
1722628800000,0.1722,0.1733,0.1691,0.1700,5943285.2,1016102.69424,8674,1722643199999
1722643200000,0.1700,0.1713,0.1658,0.1711,6205151.9,1049072.56877,10003,1722657599999
1722657600000,0.1710,0.1732,0.1703,0.1729,1964933.5,337262.66086,3616,1722671999999
1722672000000,0.1728,0.1729,0.1713,0.1722,2146431.2,369194.95252,3175,1722686399999
1722686400000,0.1723,0.1735,0.1674,0.1677,3158098.7,540501.57607,4864,1722700799999
1722700800000,0.1678,0.1687,0.1619,0.1621,11272732.9,1860076.88507,14569,1722715199999
1722715200000,0.1621,0.1670,0.1613,0.1664,6525841.1,1072951.60544,8073,1722729599999
1722729600000,0.1663,0.1684,0.1656,0.1669,2233194.0,372072.56994,4556,1722743999999
1722744000000,0.1669,0.1683,0.1661,0.1662,2024520.9,338797.03543,4321,1722758399999
1722758400000,0.1662,0.1673,0.1644,0.1644,3756966.9,622671.89318,5216,1722772799999
1722772800000,0.1645,0.1649,0.1565,0.1568,10162606.8,1638307.36804,13262,1722787199999
1722787200000,0.1567,0.1608,0.1516,0.1603,13130327.6,2044199.65203,17502,1722801599999
1722801600000,0.1602,0.1616,0.1570,0.1577,6982805.6,1112672.68302,7935,1722815999999
1722816000000,0.1576,0.1583,0.1358,0.1420,45128422.2,6566435.42961,47727,1722830399999
1722830400000,0.1420,0.1454,0.1301,0.1435,50460322.8,7009425.87562,42147,1722844799999
1722844800000,0.1435,0.1443,0.1348,0.1404,29616936.9,4159444.20402,26454,1722859199999
1722859200000,0.1404,0.1572,0.1363,0.1558,51015378.9,7511794.18238,47091,1722873599999
1722873600000,0.1558,0.1588,0.1508,0.1531,22527952.9,3491982.51618,22657,1722887999999
1722888000000,0.1532,0.1557,0.1521,0.1522,12946928.6,1992629.20925,11642,1722902399999
1722902400000,0.1522,0.1593,0.1519,0.1558,13497873.5,2113627.98201,12623,1722916799999
1722916800000,0.1559,0.1598,0.1554,0.1595,7097879.6,1122056.71491,7869,1722931199999
1722931200000,0.1594,0.1596,0.1548,0.1562,8213148.4,1282809.15392,7936,1722945599999
1722945600000,0.1562,0.1609,0.1539,0.1597,12221438.6,1925028.15674,12468,1722959999999
1722960000000,0.1596,0.1606,0.1577,0.1581,5246476.6,833522.32613,7229,1722974399999
1722974400000,0.1581,0.1593,0.1556,0.1564,5552747.9,873484.80306,6766,1722988799999
1722988800000,0.1564,0.1604,0.1553,0.1591,8576498.6,1350035.86524,10601,1723003199999
1723003200000,0.1589,0.1606,0.1578,0.1588,3708718.4,590271.64744,6555,1723017599999
1723017600000,0.1589,0.1606,0.1575,0.1577,4988530.5,794117.23754,7043,1723031999999
1723032000000,0.1577,0.1591,0.1516,0.1541,12074120.6,1875025.92911,13327,1723046399999
1723046400000,0.1541,0.1546,0.1509,0.1524,7659452.7,1170688.89764,10193,1723060799999
1723060800000,0.1524,0.1553,0.1513,0.1544,7674298.3,1177879.48027,9268,1723075199999
1723075200000,0.1545,0.1616,0.1513,0.1595,10743194.0,1687177.44391,13005,1723089599999
1723089600000,0.1595,0.1619,0.1595,0.1604,3946922.2,635145.69356,6189,1723103999999
1723104000000,0.1604,0.1620,0.1600,0.1615,2379536.0,382781.16291,4330,1723118399999
1723118400000,0.1614,0.1652,0.1604,0.1647,8794897.7,1433909.93167,12496,1723132799999
1723132800000,0.1647,0.1663,0.1633,0.1638,4576472.6,755032.21215,7366,1723147199999
1723147200000,0.1639,0.1684,0.1634,0.1676,6371236.2,1058632.72428,8291,1723161599999
1723161600000,0.1676,0.1677,0.1653,0.1663,4111162.8,683491.29544,6008,1723175999999
1723176000000,0.1663,0.1663,0.1636,0.1641,4250540.9,700134.45838,5637,1723190399999
1723190400000,0.1641,0.1650,0.1629,0.1640,4110369.6,674066.95569,6015,1723204799999
1723204800000,0.1640,0.1664,0.1619,0.1631,7706723.8,1264985.75263,9853,1723219199999
1723219200000,0.1630,0.1658,0.1626,0.1642,4464729.3,734231.17123,6270,1723233599999
1723233600000,0.1641,0.1667,0.1639,0.1666,3772419.7,622937.16507,5595,1723247999999
1723248000000,0.1667,0.1688,0.1651,0.1658,4790196.8,797216.37193,6898,1723262399999
1723262400000,0.1659,0.1662,0.1647,0.1658,2400004.1,397147.03678,3880,1723276799999
1723276800000,0.1659,0.1662,0.1647,0.1653,3061088.9,506328.47430,5033,1723291199999
1723291200000,0.1654,0.1654,0.1635,0.1641,3900537.4,641169.72525,6329,1723305599999
1723305600000,0.1641,0.1663,0.1639,0.1662,3325573.4,548913.92075,5748,1723319999999
1723320000000,0.1662,0.1684,0.1659,0.1676,3455328.9,577786.12699,5140,1723334399999
1723334400000,0.1676,0.1688,0.1672,0.1684,2318269.1,389092.06317,4025,1723348799999
1723348800000,0.1684,0.1685,0.1667,0.1676,2636755.2,441616.22639,3816,1723363199999
1723363200000,0.1676,0.1687,0.1640,0.1646,6530342.1,1089094.66587,8345,1723377599999
1723377600000,0.1646,0.1648,0.1613,0.1617,4908814.7,800448.93562,7353,1723391999999
1723392000000,0.1617,0.1628,0.1600,0.1600,3028477.6,489642.03994,4896,1723406399999
1723406400000,0.1599,0.1602,0.1575,0.1580,6232772.8,988676.49833,8072,1723420799999
1723420800000,0.1581,0.1611,0.1580,0.1598,5009381.1,799726.89823,6473,1723435199999
1723435200000,0.1599,0.1619,0.1584,0.1616,4666495.3,747162.22151,6558,1723449599999
1723449600000,0.1616,0.1665,0.1610,0.1662,5517557.7,900694.85779,7789,1723463999999
1723464000000,0.1662,0.1676,0.1603,0.1656,12520812.4,2059447.31406,14621,1723478399999
1723478400000,0.1657,0.1665,0.1616,0.1625,4956353.1,814330.57398,7648,1723492799999
1723492800000,0.1626,0.1642,0.1611,0.1636,3106674.1,505741.10447,4779,1723507199999
1723507200000,0.1636,0.1649,0.1612,0.1616,5197549.8,849181.39768,6207,1723521599999
1723521600000,0.1616,0.1623,0.1606,0.1610,4015371.0,648379.12043,4404,1723535999999
1723536000000,0.1611,0.1618,0.1589,0.1613,5659706.9,907259.60338,5935,1723550399999
1723550400000,0.1613,0.1665,0.1613,0.1659,12327222.0,2025722.88887,11297,1723564799999
1723564800000,0.1658,0.1706,0.1655,0.1693,11964456.4,2021541.56639,13687,1723579199999
1723579200000,0.1693,0.1695,0.1673,0.1683,5915605.3,995766.89051,5704,1723593599999
1723593600000,0.1682,0.1688,0.1664,0.1678,4845050.7,812409.33047,6688,1723607999999
1723608000000,0.1679,0.1686,0.1665,0.1676,3960939.1,664270.41281,5760,1723622399999
1723622400000,0.1675,0.1689,0.1664,0.1677,4209144.8,705378.31844,5845,1723636799999
1723636800000,0.1677,0.1693,0.1632,0.1661,10394080.2,1731858.01764,12440,1723651199999
1723651200000,0.1661,0.1663,0.1642,0.1649,3057584.9,504957.45380,4486,1723665599999
1723665600000,0.1650,0.1659,0.1638,0.1659,2207705.8,364437.07514,3560,1723679999999
1723680000000,0.1658,0.1664,0.1642,0.1648,3449072.5,569807.93176,4965,1723694399999
1723694400000,0.1648,0.1649,0.1627,0.1645,4135426.6,677558.10469,5191,1723708799999
1723708800000,0.1644,0.1658,0.1633,0.1653,3972208.7,653311.36842,5169,1723723199999
1723723200000,0.1654,0.1676,0.1650,0.1661,3844357.0,639488.89282,6132,1723737599999
1723737600000,0.1660,0.1665,0.1592,0.1610,7287436.7,1180396.01443,9226,1723751999999
1723752000000,0.1609,0.1616,0.1592,0.1609,3649280.5,585345.94726,4866,1723766399999
1723766400000,0.1608,0.1621,0.1595,0.1609,4067312.2,653636.21232,4982,1723780799999
1723780800000,0.1608,0.1631,0.1604,0.1623,2280983.0,369215.08022,3807,1723795199999
1723795200000,0.1623,0.1631,0.1603,0.1607,2622139.9,424082.49278,3467,1723809599999
1723809600000,0.1607,0.1610,0.1561,0.1575,7001871.6,1108353.25453,8969,1723823999999
1723824000000,0.1573,0.1589,0.1559,0.1580,5172202.1,815393.74028,6697,1723838399999
1723838400000,0.1580,0.1603,0.1580,0.1601,3735806.4,595731.50447,4830,1723852799999
1723852800000,0.1602,0.1615,0.1589,0.1609,4268173.1,684696.82597,5045,1723867199999
1723867200000,0.1609,0.1639,0.1609,0.1634,5478490.5,891272.03000,5502,1723881599999
1723881600000,0.1634,0.1635,0.1590,0.1598,8037063.6,1293097.02276,6514,1723895999999
1723896000000,0.1598,0.1615,0.1594,0.1605,6477784.0,1038128.04769,6650,1723910399999
1723910400000,0.1605,0.1623,0.1605,0.1622,3786023.1,611612.48959,4693,1723924799999
1723924800000,0.1621,0.1636,0.1617,0.1634,2766245.3,450101.94549,3167,1723939199999
1723939200000,0.1635,0.1635,0.1616,0.1618,3211038.9,521922.71074,4191,1723953599999
1723953600000,0.1618,0.1625,0.1605,0.1623,2383533.4,385349.57616,3151,1723967999999
1723968000000,0.1623,0.1655,0.1619,0.1654,4134482.6,677664.01484,4997,1723982399999
1723982400000,0.1655,0.1673,0.1650,0.1662,4027786.2,669544.80483,5711,1723996799999
1723996800000,0.1662,0.1666,0.1643,0.1658,2706888.9,448471.67869,3612,1724011199999
1724011200000,0.1659,0.1664,0.1636,0.1637,2505253.9,414152.20404,3676,1724025599999
1724025600000,0.1637,0.1649,0.1623,0.1625,6137721.9,1002772.32432,7229,1724039999999
1724040000000,0.1624,0.1629,0.1605,0.1624,4989677.6,807528.70264,6243,1724054399999
1724054400000,0.1623,0.1653,0.1620,0.1640,5342595.6,873674.92964,7679,1724068799999
1724068800000,0.1641,0.1659,0.1635,0.1650,3846213.1,633246.14353,7378,1724083199999
1724083200000,0.1650,0.1682,0.1644,0.1680,4521664.4,753113.26513,7116,1724097599999
1724097600000,0.1680,0.1687,0.1670,0.1686,2824347.5,473904.97571,4628,1724111999999
1724112000000,0.1685,0.1716,0.1681,0.1700,4924035.6,838232.97258,8135,1724126399999
1724126400000,0.1701,0.1704,0.1682,0.1687,3440991.9,582836.77883,6235,1724140799999
1724140800000,0.1688,0.1693,0.1679,0.1685,3100139.3,522868.65654,5104,1724155199999
1724155200000,0.1685,0.1706,0.1663,0.1678,4885309.3,823597.27384,8523,1724169599999
1724169600000,0.1678,0.1708,0.1670,0.1702,3322191.1,560941.01763,6100,1724183999999
1724184000000,0.1704,0.1711,0.1693,0.1710,2961130.0,504436.37484,4439,1724198399999
1724198400000,0.1709,0.1715,0.1687,0.1714,4318338.3,735027.02753,6752,1724212799999
1724212800000,0.1714,0.1738,0.1713,0.1728,5280370.7,912510.04820,6597,1724227199999
1724227200000,0.1728,0.1767,0.1723,0.1748,14892564.9,2596426.26191,14378,1724241599999
1724241600000,0.1749,0.1752,0.1718,0.1737,6998565.4,1215417.22286,11145,1724255999999
1724256000000,0.1738,0.1776,0.1728,0.1774,5012700.8,879798.90808,8178,1724270399999
1724270400000,0.1774,0.1783,0.1752,0.1757,4818295.9,853066.74204,6171,1724284799999
1724284800000,0.1758,0.1766,0.1736,0.1756,3147165.6,551903.74896,5355,1724299199999
1724299200000,0.1756,0.1812,0.1744,0.1762,22898932.6,4067649.18495,19522,1724313599999
1724313600000,0.1762,0.1778,0.1752,0.1761,7284643.7,1285072.12363,9544,1724327999999
1724328000000,0.1761,0.1769,0.1750,0.1754,5427634.0,955042.37301,7646,1724342399999
1724342400000,0.1754,0.1771,0.1753,0.1768,3110637.2,548618.85605,5155,1724356799999
1724356800000,0.1768,0.1780,0.1764,0.1772,3507241.7,621256.37572,5104,1724371199999
1724371200000,0.1772,0.1784,0.1763,0.1765,3420986.5,605728.59868,5770,1724385599999
1724385600000,0.1765,0.1793,0.1764,0.1791,2646681.4,471440.73026,5019,1724399999999
1724400000000,0.1791,0.1799,0.1774,0.1776,3448392.7,617193.13541,6150,1724414399999
1724414400000,0.1776,0.1820,0.1775,0.1817,5963320.8,1072995.60859,10365,1724428799999
1724428800000,0.1817,0.1863,0.1815,0.1859,4578627.6,844705.67932,7890,1724443199999
1724443200000,0.1859,0.1880,0.1854,0.1867,3039990.7,567200.97037,14667,1724457599999
1724457600000,0.1867,0.1874,0.1849,0.1851,3075518.8,571923.18724,10197,1724471999999
1724472000000,0.1851,0.1858,0.1844,0.1851,2238288.8,414143.34268,3930,1724486399999
1724486400000,0.1849,0.1919,0.1845,0.1903,9979252.1,1887780.17434,10669,1724500799999
1724500800000,0.1903,0.1935,0.1899,0.1909,8938811.1,1712346.64825,9861,1724515199999
1724515200000,0.1909,0.1931,0.1908,0.1923,3355285.7,644869.88563,6870,1724529599999
1724529600000,0.1922,0.1926,0.1870,0.1903,5837595.8,1103180.03732,9459,1724543999999
1724544000000,0.1903,0.1911,0.1852,0.1885,4668839.9,878475.22002,8703,1724558399999
1724558400000,0.1885,0.1888,0.1824,0.1834,4661219.0,866524.99466,7786,1724572799999
1724572800000,0.1834,0.1856,0.1827,0.1848,3544903.8,653989.54589,6132,1724587199999
1724587200000,0.1848,0.1879,0.1848,0.1870,2425348.9,451747.24935,5641,1724601599999
1724601600000,0.1871,0.1882,0.1858,0.1870,2412092.8,451050.94638,5061,1724615999999
1724616000000,0.1871,0.1899,0.1869,0.1873,2483444.8,468269.99617,4932,1724630399999
1724630400000,0.1873,0.1882,0.1843,0.1856,3357540.2,625256.13257,6828,1724644799999
1724644800000,0.1857,0.1871,0.1838,0.1841,3156090.0,585306.60798,6141,1724659199999
1724659200000,0.1841,0.1863,0.1827,0.1836,4150707.3,767093.70695,7471,1724673599999
1724673600000,0.1836,0.1838,0.1794,0.1802,5015651.4,907457.55334,9129,1724687999999
1724688000000,0.1803,0.1814,0.1770,0.1775,5585275.5,1000571.75913,8998,1724702399999
1724702400000,0.1776,0.1786,0.1767,0.1780,2747861.4,488856.06439,5534,1724716799999
1724716800000,0.1780,0.1796,0.1777,0.1788,3152511.5,563071.85733,6309,1724731199999
1724731200000,0.1788,0.1803,0.1778,0.1782,2553709.9,457328.89419,4570,1724745599999
1724745600000,0.1783,0.1790,0.1744,0.1755,4209489.2,742658.45209,6765,1724759999999
1724760000000,0.1755,0.1770,0.1743,0.1761,3640474.2,639582.93624,7155,1724774399999
1724774400000,0.1762,0.1784,0.1754,0.1774,3277539.9,580454.06381,6076,1724788799999
1724788800000,0.1773,0.1777,0.1662,0.1692,12778788.6,2177118.06927,17605,1724803199999
1724803200000,0.1691,0.1694,0.1667,0.1693,5284681.1,887817.32301,7169,1724817599999
1724817600000,0.1692,0.1704,0.1681,0.1683,4250992.0,719954.48941,5456,1724831999999
1724832000000,0.1682,0.1755,0.1672,0.1732,6332161.1,1090515.64125,9016,1724846399999
1724846400000,0.1731,0.1739,0.1675,0.1683,4924090.6,842066.64465,7839,1724860799999
1724860800000,0.1682,0.1686,0.1615,0.1653,16623076.0,2743504.68962,15483,1724875199999
1724875200000,0.1653,0.1684,0.1631,0.1641,5048741.1,834400.35625,6773,1724889599999
1724889600000,0.1641,0.1661,0.1641,0.1649,2713723.7,448086.67800,5313,1724903999999
1724904000000,0.1649,0.1675,0.1643,0.1665,3046148.9,505797.95568,4449,1724918399999
1724918400000,0.1666,0.1680,0.1649,0.1664,3114801.5,517458.18548,5589,1724932799999
1724932800000,0.1663,0.1696,0.1659,0.1687,3919592.2,656639.41266,5996,1724947199999
1724947200000,0.1686,0.1697,0.1614,0.1638,6435546.1,1060707.85230,8562,1724961599999
1724961600000,0.1639,0.1653,0.1622,0.1652,2250088.3,369003.44320,4893,1724975999999
1724976000000,0.1652,0.1658,0.1632,0.1639,2657535.8,436433.83568,5244,1724990399999
1724990400000,0.1638,0.1668,0.1634,0.1661,1922198.5,317007.42361,4114,1725004799999
1725004800000,0.1660,0.1673,0.1655,0.1659,2310910.0,384532.32527,3796,1725019199999
1725019200000,0.1658,0.1679,0.1584,0.1590,6860072.0,1118389.52308,12296,1725033599999
1725033600000,0.1590,0.1645,0.1583,0.1631,6054909.2,980069.00078,9638,1725047999999
1725048000000,0.1632,0.1655,0.1623,0.1650,2627355.1,430286.80062,4710,1725062399999
1725062400000,0.1650,0.1660,0.1642,0.1647,2558541.0,422159.96270,4625,1725076799999
1725076800000,0.1647,0.1656,0.1640,0.1641,1790804.9,295288.95280,3372,1725091199999
1725091200000,0.1640,0.1645,0.1621,0.1635,3391080.4,553896.44601,4581,1725105599999
1725105600000,0.1636,0.1644,0.1622,0.1628,2545028.8,415544.25140,4236,1725119999999
1725120000000,0.1627,0.1628,0.1606,0.1614,2711584.3,438204.94978,4403,1725134399999
1725134400000,0.1615,0.1634,0.1612,0.1628,2439846.1,395777.01084,3255,1725148799999
1725148800000,0.1627,0.1628,0.1601,0.1613,2086303.3,336879.43632,4208,1725163199999
1725163200000,0.1614,0.1622,0.1594,0.1620,2478329.8,398942.01479,5301,1725177599999
1725177600000,0.1621,0.1623,0.1594,0.1607,4193533.4,673113.97881,6735,1725191999999
1725192000000,0.1607,0.1612,0.1575,0.1604,5506090.9,877651.26232,8699,1725206399999
1725206400000,0.1605,0.1622,0.1585,0.1611,5621787.2,900633.33873,7120,1725220799999
1725220800000,0.1611,0.1626,0.1557,0.1576,6022859.2,956432.43519,8171,1725235199999
1725235200000,0.1575,0.1592,0.1570,0.1584,3490269.0,551831.02551,7203,1725249599999
1725249600000,0.1585,0.1590,0.1566,0.1570,1869863.7,295230.21919,4652,1725263999999
1725264000000,0.1570,0.1629,0.1566,0.1619,4948795.6,794045.82159,7899,1725278399999
1725278400000,0.1618,0.1633,0.1604,0.1621,3406238.6,552294.29198,6772,1725292799999
1725292800000,0.1621,0.1639,0.1611,0.1632,2517875.2,409846.29171,4602,1725307199999
1725307200000,0.1632,0.1661,0.1627,0.1655,3635532.5,599677.61095,5826,1725321599999
1725321600000,0.1655,0.1673,0.1645,0.1659,2950081.7,488991.10987,5297,1725335999999
1725336000000,0.1658,0.1667,0.1649,0.1666,2035558.3,337366.66360,4068,1725350399999
1725350400000,0.1666,0.1667,0.1643,0.1646,1949210.9,321619.54171,4160,1725364799999
1725364800000,0.1647,0.1654,0.1581,0.1583,6038958.1,975063.59214,8949,1725379199999
1725379200000,0.1584,0.1613,0.1582,0.1606,4424246.1,705759.03172,7100,1725393599999
1725393600000,0.1606,0.1613,0.1583,0.1585,2313720.3,370616.64160,4706,1725407999999
1725408000000,0.1585,0.1599,0.1511,0.1584,9367270.6,1457958.02354,13972,1725422399999
1725422400000,0.1585,0.1606,0.1580,0.1599,3535728.5,561963.42651,7034,1725436799999
1725436800000,0.1599,0.1607,0.1582,0.1591,3771499.5,601719.68682,6619,1725451199999
1725451200000,0.1590,0.1633,0.1580,0.1628,6274410.6,1007175.80157,8497,1725465599999
1725465600000,0.1628,0.1654,0.1613,0.1616,5834594.1,951670.24673,8322,1725479999999
1725480000000,0.1616,0.1627,0.1612,0.1615,2222156.3,359887.37037,4016,1725494399999
1725494400000,0.1614,0.1623,0.1584,0.1586,2435397.9,391210.96182,4358,1725508799999
1725508800000,0.1585,0.1600,0.1573,0.1595,2208851.9,350564.78051,4302,1725523199999
1725523200000,0.1595,0.1601,0.1576,0.1585,7325560.0,1161205.85034,4574,1725537599999
1725537600000,0.1585,0.1608,0.1566,0.1577,5377202.0,853226.07150,7798,1725551999999
1725552000000,0.1578,0.1592,0.1563,0.1569,3871789.8,611050.70016,5922,1725566399999
1725566400000,0.1568,0.1583,0.1564,0.1576,2963703.0,466305.86807,4390,1725580799999
1725580800000,0.1577,0.1595,0.1567,0.1588,2524906.0,399377.29658,4265,1725595199999
1725595200000,0.1587,0.1590,0.1547,0.1562,2980026.7,467400.34431,4553,1725609599999
1725609600000,0.1563,0.1574,0.1554,0.1570,2668607.4,417491.18424,4384,1725623999999
1725624000000,0.1570,0.1600,0.1531,0.1558,8019646.9,1255753.32140,11834,1725638399999
1725638400000,0.1559,0.1560,0.1513,0.1520,7389208.8,1132798.40117,9267,1725652799999
1725652800000,0.1519,0.1527,0.1471,0.1526,8190289.6,1230217.84655,10254,1725667199999
1725667200000,0.1526,0.1541,0.1520,0.1531,4698591.5,718465.80171,6105,1725681599999
1725681600000,0.1531,0.1568,0.1531,0.1565,3317405.2,515231.51431,4281,1725695999999
1725696000000,0.1565,0.1574,0.1561,0.1567,2144739.1,336459.91413,3783,1725710399999
1725710400000,0.1566,0.1585,0.1566,0.1577,1754794.3,276123.18524,3673,1725724799999
1725724800000,0.1578,0.1578,0.1552,0.1566,3056042.7,477716.84308,4431,1725739199999
1725739200000,0.1567,0.1567,0.1545,0.1560,2979155.3,462803.04806,3837,1725753599999
1725753600000,0.1559,0.1569,0.1548,0.1564,2641689.4,412006.89719,4061,1725767999999
1725768000000,0.1564,0.1584,0.1562,0.1582,2820206.4,443490.65760,3942,1725782399999
1725782400000,0.1583,0.1594,0.1578,0.1584,2944552.8,466728.37066,3726,1725796799999
1725796800000,0.1584,0.1585,0.1555,0.1556,4511257.7,708347.22254,5616,1725811199999
1725811200000,0.1556,0.1574,0.1549,0.1564,3493791.3,545105.71329,4877,1725825599999
1725825600000,0.1564,0.1602,0.1563,0.1580,5419858.0,855458.36729,6994,1725839999999
1725840000000,0.1580,0.1596,0.1575,0.1583,3133481.4,496858.59338,4996,1725854399999
1725854400000,0.1584,0.1602,0.1574,0.1601,2326735.3,369150.67221,4007,1725868799999
1725868800000,0.1600,0.1613,0.1597,0.1606,2968008.6,476198.89074,4068,1725883199999
1725883200000,0.1608,0.1620,0.1595,0.1616,4341607.3,699193.47183,5299,1725897599999
1725897600000,0.1616,0.1648,0.1615,0.1647,4296377.5,702524.60335,6059,1725911999999
1725912000000,0.1648,0.1660,0.1639,0.1642,2981285.4,491661.23861,4580,1725926399999
1725926400000,0.1642,0.1646,0.1629,0.1631,1767691.0,289076.58257,2823,1725940799999
1725940800000,0.1630,0.1657,0.1627,0.1655,3005296.2,493157.64611,4081,1725955199999
1725955200000,0.1655,0.1660,0.1640,0.1659,2572115.5,424914.59888,3650,1725969599999
1725969600000,0.1659,0.1663,0.1642,0.1650,2971070.2,491247.27423,4838,1725983999999
1725984000000,0.1649,0.1682,0.1648,0.1676,2969177.7,495043.01205,4729,1725998399999
1725998400000,0.1676,0.1680,0.1667,0.1669,1849807.0,309365.79805,2830,1726012799999
1726012800000,0.1669,0.1669,0.1638,0.1642,3748147.3,620135.46586,5333,1726027199999
1726027200000,0.1641,0.1646,0.1618,0.1646,3117517.2,508706.86266,4296,1726041599999
1726041600000,0.1645,0.1652,0.1626,0.1648,6993966.6,1145780.85433,5252,1726055999999
1726056000000,0.1649,0.1672,0.1614,0.1651,5561650.9,912411.94177,8559,1726070399999
1726070400000,0.1651,0.1681,0.1649,0.1668,3835090.5,639033.70820,5438,1726084799999
1726084800000,0.1668,0.1678,0.1659,0.1672,2391430.5,399323.71201,3247,1726099199999
1726099200000,0.1672,0.1700,0.1668,0.1689,3284572.8,552923.31640,4804,1726113599999
1726113600000,0.1690,0.1699,0.1686,0.1690,2042016.4,345527.13445,3677,1726127999999
1726128000000,0.1690,0.1696,0.1689,0.1693,1800088.7,304598.91239,3636,1726142399999
1726142400000,0.1693,0.1713,0.1684,0.1689,4203674.1,713658.03016,6595,1726156799999
1726156800000,0.1690,0.1722,0.1688,0.1722,3436698.3,587290.56443,5790,1726171199999
1726171200000,0.1721,0.1731,0.1715,0.1727,3347130.0,577023.63846,5339,1726185599999
1726185600000,0.1727,0.1730,0.1711,0.1712,2446412.5,420528.76006,3711,1726199999999
1726200000000,0.1712,0.1716,0.1700,0.1711,2117938.1,361554.61286,3969,1726214399999
1726214400000,0.1711,0.1714,0.1695,0.1700,3816959.8,651293.43699,4945,1726228799999
1726228800000,0.1702,0.1735,0.1696,0.1733,3870652.6,664039.17209,6275,1726243199999
1726243200000,0.1732,0.1750,0.1732,0.1738,4922494.5,857219.35594,6830,1726257599999
1726257600000,0.1739,0.1757,0.1736,0.1747,3049013.5,533017.09155,4402,1726271999999
1726272000000,0.1748,0.1750,0.1735,0.1742,2842343.0,495606.59839,3757,1726286399999
1726286400000,0.1742,0.1745,0.1721,0.1724,2678587.3,463641.24942,3305,1726300799999
1726300800000,0.1724,0.1732,0.1712,0.1717,2541371.3,437821.99026,3713,1726315199999
1726315200000,0.1716,0.1733,0.1715,0.1730,2541386.4,438016.20786,3854,1726329599999
1726329600000,0.1731,0.1731,0.1705,0.1717,2972914.4,510858.74376,3977,1726343999999
1726344000000,0.1717,0.1731,0.1717,0.1729,1787624.7,308268.70631,2572,1726358399999
1726358400000,0.1728,0.1747,0.1727,0.1738,2173456.5,377328.64317,3115,1726372799999
1726372800000,0.1739,0.1753,0.1734,0.1748,2320001.9,404628.06018,3574,1726387199999
1726387200000,0.1749,0.1760,0.1729,0.1739,3256118.2,568184.49246,4130,1726401599999
1726401600000,0.1738,0.1759,0.1736,0.1757,2833238.2,495479.83909,4103,1726415999999
1726416000000,0.1757,0.1758,0.1731,0.1746,3845810.8,671238.63486,5191,1726430399999
1726430400000,0.1746,0.1746,0.1696,0.1708,4794627.9,826206.34869,7511,1726444799999
1726444800000,0.1708,0.1714,0.1682,0.1708,4261753.8,724795.92907,6291,1726459199999
1726459200000,0.1708,0.1737,0.1706,0.1733,8773394.3,1508837.98825,9273,1726473599999
1726473600000,0.1733,0.1736,0.1701,0.1707,5909538.9,1014906.51610,7190,1726487999999
1726488000000,0.1707,0.1712,0.1677,0.1685,4643093.6,786488.01843,6894,1726502399999
1726502400000,0.1685,0.1696,0.1672,0.1681,4146447.7,697976.16822,6296,1726516799999
1726516800000,0.1680,0.1685,0.1669,0.1678,2320087.2,388857.72540,4570,1726531199999
1726531200000,0.1678,0.1687,0.1661,0.1680,3061791.4,512847.66634,5485,1726545599999
1726545600000,0.1680,0.1702,0.1677,0.1692,2048057.0,346455.72369,4130,1726559999999
1726560000000,0.1693,0.1713,0.1689,0.1704,2869776.8,488219.19097,4458,1726574399999
1726574400000,0.1704,0.1751,0.1702,0.1744,4693877.7,810150.31301,6869,1726588799999
1726588800000,0.1745,0.1753,0.1722,0.1734,3876022.2,674938.06553,6157,1726603199999
1726603200000,0.1734,0.1746,0.1732,0.1741,2019157.2,351415.88044,4039,1726617599999
1726617600000,0.1742,0.1771,0.1725,0.1762,3163503.1,554144.10148,6319,1726631999999
1726632000000,0.1763,0.1765,0.1747,0.1755,2207333.6,387388.36530,4112,1726646399999
1726646400000,0.1754,0.1755,0.1699,0.1715,4020874.7,692611.10060,6590,1726660799999
1726660800000,0.1715,0.1726,0.1674,0.1682,3984168.8,677426.04310,6575,1726675199999
1726675200000,0.1682,0.1737,0.1675,0.1712,7150341.6,1218043.93209,11465,1726689599999
1726689600000,0.1712,0.1770,0.1700,0.1768,3295832.3,570769.88819,5526,1726703999999
1726704000000,0.1769,0.1800,0.1767,0.1795,5520479.8,984854.09142,9955,1726718399999
1726718400000,0.1796,0.1805,0.1779,0.1804,4210582.9,754246.43466,6111,1726732799999
1726732800000,0.1805,0.1808,0.1788,0.1795,3726040.7,669044.86566,5471,1726747199999
1726747200000,0.1796,0.1862,0.1782,0.1820,15595448.3,2837885.09745,19745,1726761599999
1726761600000,0.1820,0.1840,0.1816,0.1825,4603523.1,842590.28449,9811,1726775999999
1726776000000,0.1824,0.1828,0.1809,0.1823,3753287.9,683225.65317,7030,1726790399999
1726790400000,0.1823,0.1871,0.1808,0.1871,5298925.2,973424.26552,10159,1726804799999
1726804800000,0.1872,0.1887,0.1861,0.1871,5471697.7,1024931.42519,9698,1726819199999
1726819200000,0.1871,0.1880,0.1846,0.1852,3298545.0,614507.52443,6562,1726833599999
1726833600000,0.1852,0.1866,0.1826,0.1844,3938325.6,726229.37326,8083,1726847999999
1726848000000,0.1843,0.1846,0.1817,0.1839,3136872.6,574123.57827,6410,1726862399999
1726862400000,0.1840,0.1867,0.1830,0.1865,2369500.9,437554.75719,4908,1726876799999
1726876800000,0.1866,0.1911,0.1864,0.1909,4088864.2,772899.80891,8752,1726891199999
1726891200000,0.1908,0.1912,0.1886,0.1910,2608813.5,495281.61115,5843,1726905599999
1726905600000,0.1911,0.1915,0.1888,0.1906,2235098.0,425581.22543,4813,1726919999999
1726920000000,0.1905,0.1928,0.1903,0.1911,3067775.5,587953.99422,6559,1726934399999
1726934400000,0.1911,0.1929,0.1910,0.1914,1746765.6,335353.29778,4391,1726948799999
1726948800000,0.1913,0.1952,0.1911,0.1950,2372407.4,457814.82980,5213,1726963199999
1726963200000,0.1950,0.1953,0.1881,0.1891,3929251.2,752007.55687,7299,1726977599999
1726977600000,0.1891,0.1892,0.1859,0.1870,3174535.4,594893.30124,4899,1726991999999
1726992000000,0.1870,0.1873,0.1827,0.1840,3670414.9,680432.77619,5330,1727006399999
1727006400000,0.1841,0.1871,0.1822,0.1840,4854217.9,896431.27357,7136,1727020799999
1727020800000,0.1840,0.1867,0.1825,0.1857,2704059.0,500580.81814,4900,1727035199999
1727035200000,0.1858,0.1878,0.1817,0.1874,4788927.1,887230.22902,7030,1727049599999
1727049600000,0.1874,0.1921,0.1835,0.1907,5384493.8,1013407.78579,8884,1727063999999
1727064000000,0.1908,0.1929,0.1892,0.1901,4220269.8,806694.25224,6067,1727078399999
1727078400000,0.1901,0.1904,0.1877,0.1894,2148077.1,406179.94007,4253,1727092799999
1727092800000,0.1895,0.1923,0.1879,0.1916,4064265.8,772976.97335,6736,1727107199999
1727107200000,0.1918,0.1932,0.1897,0.1929,3203912.8,613394.08191,5917,1727121599999
1727121600000,0.1928,0.1941,0.1919,0.1934,3181767.2,613636.72770,5453,1727135999999
1727136000000,0.1933,0.2032,0.1884,0.1903,16943062.2,3291685.93095,22268,1727150399999
1727150400000,0.1903,0.1932,0.1894,0.1926,3801490.2,727009.55730,6532,1727164799999
1727164800000,0.1926,0.1935,0.1911,0.1927,3119565.0,599424.36900,5412,1727179199999
1727179200000,0.1927,0.1936,0.1885,0.1906,4593676.3,879546.43804,7176,1727193599999
1727193600000,0.1906,0.1952,0.1901,0.1946,2874242.9,552026.70673,6339,1727207999999
1727208000000,0.1947,0.1952,0.1930,0.1948,2944537.6,571839.54290,5769,1727222399999
1727222400000,0.1947,0.1960,0.1928,0.1945,3467739.8,674132.63165,6644,1727236799999
1727236800000,0.1944,0.1951,0.1902,0.1918,2488466.2,479349.35647,5309,1727251199999
1727251200000,0.1918,0.1946,0.1917,0.1944,3177228.3,613075.29204,4326,1727265599999
1727265600000,0.1945,0.1947,0.1912,0.1913,3403411.3,658070.80985,5407,1727279999999
1727280000000,0.1913,0.1926,0.1893,0.1904,3315261.3,632824.60976,6195,1727294399999
1727294400000,0.1903,0.1918,0.1883,0.1894,2448653.9,465565.81096,5052,1727308799999
1727308800000,0.1893,0.1902,0.1862,0.1900,3963555.6,746798.37244,7535,1727323199999
1727323200000,0.1901,0.1932,0.1889,0.1932,2899836.9,554017.45664,5197,1727337599999
1727337600000,0.1932,0.1946,0.1916,0.1937,2107671.1,406962.97478,4567,1727351999999
1727352000000,0.1937,0.1956,0.1920,0.1950,3355195.8,649988.75560,7838,1727366399999
1727366400000,0.1950,0.1966,0.1931,0.1941,4463418.8,869428.00884,8663,1727380799999
1727380800000,0.1940,0.1954,0.1927,0.1943,3525247.4,684771.60252,7618,1727395199999
1727395200000,0.1943,0.1989,0.1921,0.1957,17194771.3,3358093.19359,23198,1727409599999
1727409600000,0.1958,0.1989,0.1954,0.1977,5244702.3,1034044.50113,7401,1727423999999
1727424000000,0.1978,0.1985,0.1944,0.1953,3612391.9,709433.84193,6760,1727438399999
1727438400000,0.1954,0.1972,0.1939,0.1957,4728859.8,927125.17153,9114,1727452799999
1727452800000,0.1956,0.1973,0.1945,0.1956,2756816.1,539848.23229,6117,1727467199999
1727467200000,0.1956,0.1972,0.1952,0.1971,2020365.9,396524.82780,4327,1727481599999
1727481600000,0.1971,0.1990,0.1960,0.1982,2313752.7,456499.92367,5342,1727495999999
1727496000000,0.1982,0.1985,0.1932,0.1935,3020195.9,588660.89297,6060,1727510399999
1727510400000,0.1934,0.1938,0.1887,0.1927,4251479.5,814180.40756,7884,1727524799999
1727524800000,0.1928,0.1933,0.1906,0.1927,3200715.6,614839.47389,5880,1727539199999
1727539200000,0.1927,0.1931,0.1911,0.1922,1687385.1,324344.86736,4013,1727553599999
1727553600000,0.1921,0.1928,0.1897,0.1925,2208268.4,423308.62234,4300,1727567999999
1727568000000,0.1926,0.1929,0.1902,0.1920,2571163.7,492876.14568,5473,1727582399999
1727582400000,0.1919,0.1925,0.1883,0.1886,2578028.8,491900.40693,4808,1727596799999
1727596800000,0.1886,0.1913,0.1886,0.1905,2311380.4,439615.84499,4970,1727611199999
1727611200000,0.1905,0.1914,0.1874,0.1913,4335465.7,821994.70077,7056,1727625599999
1727625600000,0.1912,0.1929,0.1901,0.1927,2010857.3,385632.73120,4417,1727639999999
1727640000000,0.1926,0.1933,0.1898,0.1911,3422488.0,655988.53027,6045,1727654399999
1727654400000,0.1910,0.1916,0.1860,0.1889,4987505.8,941748.41327,9857,1727668799999
1727668800000,0.1889,0.1914,0.1863,0.1912,3531749.7,668898.39138,7980,1727683199999
1727683200000,0.1911,0.1914,0.1854,0.1876,5281945.1,992311.71158,9805,1727697599999
1727697600000,0.1876,0.1887,0.1838,0.1842,3460908.5,646204.09125,6748,1727711999999
1727712000000,0.1842,0.1851,0.1828,0.1830,4299561.3,790217.26076,7454,1727726399999
1727726400000,0.1831,0.1840,0.1772,0.1789,5681181.3,1025925.06814,9126,1727740799999
1727740800000,0.1788,0.1849,0.1780,0.1846,5065289.2,920097.79407,8818,1727755199999
1727755200000,0.1846,0.1865,0.1841,0.1854,2512408.3,464935.32370,4685,1727769599999
1727769600000,0.1855,0.1865,0.1845,0.1846,1650925.7,306480.69315,3265,1727783999999
1727784000000,0.1845,0.1848,0.1703,0.1755,17035432.2,3019424.37727,21165,1727798399999
1727798400000,0.1755,0.1763,0.1652,0.1686,17027801.0,2909597.05010,20753,1727812799999
1727812800000,0.1686,0.1696,0.1660,0.1672,7936872.3,1334735.10075,10054,1727827199999
1727827200000,0.1671,0.1696,0.1659,0.1694,4117485.2,691841.32692,7231,1727841599999
1727841600000,0.1694,0.1719,0.1687,0.1711,2929141.6,497966.30857,5615,1727855999999
1727856000000,0.1711,0.1717,0.1650,0.1665,6196449.8,1039803.79959,7384,1727870399999
1727870400000,0.1665,0.1678,0.1635,0.1657,7514024.4,1245665.02074,10230,1727884799999
1727884800000,0.1657,0.1677,0.1587,0.1609,10580263.6,1715439.87733,13133,1727899199999
1727899200000,0.1609,0.1632,0.1598,0.1617,6082261.2,982632.23333,7040,1727913599999
1727913600000,0.1617,0.1655,0.1605,0.1654,4747210.2,775846.98710,6991,1727927999999
1727928000000,0.1654,0.1659,0.1631,0.1637,4165312.0,687185.03940,6185,1727942399999
1727942400000,0.1637,0.1643,0.1591,0.1613,7336907.2,1188297.66454,10971,1727956799999
1727956800000,0.1613,0.1630,0.1572,0.1605,8317072.8,1330046.22655,11850,1727971199999
1727971200000,0.1604,0.1632,0.1569,0.1631,6663545.0,1062728.02254,8832,1727985599999
1727985600000,0.1632,0.1651,0.1613,0.1643,3826802.7,625404.36482,6484,1727999999999
1728000000000,0.1643,0.1668,0.1634,0.1644,3516594.2,580134.16066,6314,1728014399999
1728014400000,0.1644,0.1671,0.1643,0.1666,2602163.3,431357.13354,4710,1728028799999
1728028800000,0.1667,0.1681,0.1654,0.1661,3256161.3,542821.70905,5373,1728043199999
1728043200000,0.1661,0.1675,0.1633,0.1671,5924120.3,980843.99348,9984,1728057599999
1728057600000,0.1671,0.1688,0.1667,0.1686,2497076.6,419430.94012,5028,1728071999999
1728072000000,0.1686,0.1694,0.1683,0.1692,1712635.7,288987.14066,3156,1728086399999
1728086400000,0.1693,0.1702,0.1670,0.1675,2153375.5,363853.51737,5044,1728100799999
1728100800000,0.1674,0.1706,0.1674,0.1697,1967257.3,333531.58589,3617,1728115199999
1728115200000,0.1696,0.1717,0.1696,0.1713,3833956.0,655141.45965,5038,1728129599999
1728129600000,0.1713,0.1721,0.1696,0.1703,3483314.7,595543.61670,5778,1728143999999
1728144000000,0.1702,0.1703,0.1674,0.1677,2933646.4,494812.30934,4947,1728158399999
1728158400000,0.1677,0.1701,0.1663,0.1698,2092841.7,351877.10799,4610,1728172799999
1728172800000,0.1699,0.1720,0.1690,0.1702,2565151.2,438601.43303,4211,1728187199999
1728187200000,0.1702,0.1708,0.1695,0.1707,1323096.2,225158.01879,3067,1728201599999
1728201600000,0.1706,0.1727,0.1701,0.1726,2598687.8,445053.02559,4148,1728215999999
1728216000000,0.1726,0.1751,0.1723,0.1741,4196271.4,728056.85627,7026,1728230399999
1728230400000,0.1741,0.1747,0.1728,0.1731,2352771.8,408449.84023,4966,1728244799999
1728244800000,0.1731,0.1749,0.1723,0.1749,1984183.3,344540.28240,3749,1728259199999
1728259200000,0.1748,0.1779,0.1744,0.1768,3848008.1,678717.71619,7192,1728273599999
1728273600000,0.1769,0.1778,0.1761,0.1769,1768502.7,312944.88226,3643,1728287999999
1728288000000,0.1770,0.1776,0.1729,0.1755,3245492.4,568321.05592,6186,1728302399999
1728302400000,0.1755,0.1785,0.1746,0.1764,3548201.9,626781.08976,7440,1728316799999
1728316800000,0.1766,0.1787,0.1745,0.1768,3478096.5,614909.35084,6988,1728331199999
1728331200000,0.1769,0.1773,0.1734,0.1736,3289565.3,576921.51362,6165,1728345599999
1728345600000,0.1736,0.1752,0.1727,0.1746,3203110.5,557818.83288,5899,1728359999999
1728360000000,0.1747,0.1753,0.1701,0.1709,4371554.9,752463.00694,6542,1728374399999
1728374400000,0.1708,0.1723,0.1698,0.1721,3415533.8,584792.90105,5881,1728388799999
1728388800000,0.1721,0.1724,0.1675,0.1691,5656172.9,961060.17347,9391,1728403199999
1728403200000,0.1691,0.1717,0.1680,0.1717,4934334.4,838166.21425,7853,1728417599999
1728417600000,0.1717,0.1725,0.1700,0.1716,3570121.6,610999.92760,5638,1728431999999
1728432000000,0.1716,0.1727,0.1693,0.1704,2565208.1,438880.88321,6143,1728446399999
1728446400000,0.1703,0.1718,0.1697,0.1709,1581658.4,270057.68664,4062,1728460799999
1728460800000,0.1708,0.1712,0.1697,0.1706,1424891.4,242638.13894,3331,1728475199999
1728475200000,0.1705,0.1706,0.1668,0.1696,4825561.3,812293.45976,9088,1728489599999
1728489600000,0.1696,0.1698,0.1673,0.1680,3027125.6,509478.84694,7130,1728503999999
1728504000000,0.1680,0.1680,0.1650,0.1671,3431782.4,570811.11922,6547,1728518399999
1728518400000,0.1672,0.1694,0.1662,0.1689,1882919.7,316232.29502,4290,1728532799999
1728532800000,0.1689,0.1710,0.1680,0.1681,4217509.7,714714.17803,5851,1728547199999
1728547200000,0.1681,0.1684,0.1655,0.1678,3059832.4,511235.28737,6122,1728561599999
1728561600000,0.1677,0.1683,0.1641,0.1652,4710488.1,780872.46985,8199,1728575999999
1728576000000,0.1653,0.1659,0.1610,0.1636,4733136.9,771655.89539,8036,1728590399999
1728590400000,0.1635,0.1661,0.1631,0.1657,2102141.8,345875.53397,4387,1728604799999
1728604800000,0.1657,0.1697,0.1655,0.1693,3845295.3,645569.80861,6750,1728619199999
1728619200000,0.1693,0.1718,0.1690,0.1710,7200141.4,1227145.47357,10869,1728633599999
1728633600000,0.1710,0.1727,0.1702,0.1718,3511478.7,601700.79298,5487,1728647999999
1728648000000,0.1718,0.1729,0.1707,0.1725,3439697.7,591417.80034,7465,1728662399999
1728662400000,0.1726,0.1738,0.1721,0.1729,2050176.2,354482.07849,4655,1728676799999
1728676800000,0.1729,0.1741,0.1728,0.1733,1855869.7,321985.37048,3622,1728691199999
1728691200000,0.1733,0.1757,0.1731,0.1743,3336769.0,581993.08978,5832,1728705599999
1728705600000,0.1742,0.1770,0.1742,0.1765,2454015.9,431111.55834,4296,1728719999999
1728720000000,0.1765,0.1766,0.1749,0.1751,2662522.5,467933.65387,5368,1728734399999
1728734400000,0.1750,0.1763,0.1745,0.1754,1919952.2,336973.46608,4037,1728748799999
1728748800000,0.1753,0.1763,0.1736,0.1747,1884032.6,329179.02548,3625,1728763199999
1728763200000,0.1747,0.1757,0.1747,0.1748,1341425.3,235018.96917,2761,1728777599999
1728777600000,0.1748,0.1754,0.1730,0.1732,1934492.8,336418.32490,3822,1728791999999
1728792000000,0.1732,0.1757,0.1731,0.1755,1807043.3,315981.11441,3542,1728806399999
1728806400000,0.1754,0.1756,0.1732,0.1732,1657599.2,289533.87973,4102,1728820799999
1728820800000,0.1733,0.1745,0.1698,0.1702,3176165.6,546136.57404,6216,1728835199999
1728835200000,0.1702,0.1728,0.1696,0.1712,2467496.4,422109.49971,5342,1728849599999
1728849600000,0.1711,0.1744,0.1709,0.1728,2663138.5,459985.08618,5871,1728863999999
1728864000000,0.1729,0.1765,0.1708,0.1763,3929547.3,680018.74961,7526,1728878399999
1728878400000,0.1762,0.1772,0.1742,0.1769,3483927.4,612485.01011,6587,1728892799999
1728892800000,0.1769,0.1784,0.1754,0.1782,3233532.2,572753.16330,5903,1728907199999
1728907200000,0.1783,0.1803,0.1777,0.1792,3733943.4,668465.48928,8191,1728921599999
1728921600000,0.1791,0.1797,0.1781,0.1794,2467540.1,441999.77529,5744,1728935999999
1728936000000,0.1793,0.1814,0.1791,0.1807,3060113.3,551210.14193,5943,1728950399999
1728950400000,0.1808,0.1827,0.1802,0.1806,3675109.8,666767.71660,8028,1728964799999
1728964800000,0.1806,0.1821,0.1789,0.1811,3497879.9,631665.06166,6582,1728979199999
1728979200000,0.1811,0.1833,0.1771,0.1780,5946177.5,1077545.26805,9363,1728993599999
1728993600000,0.1781,0.1839,0.1737,0.1774,13376777.9,2390402.59614,21093,1729007999999
1729008000000,0.1774,0.1825,0.1771,0.1808,7696017.8,1390091.49268,11342,1729022399999
1729022400000,0.1808,0.1810,0.1771,0.1805,3815064.0,682671.98355,6218,1729036799999
1729036800000,0.1805,0.1815,0.1780,0.1791,2977836.6,535705.47465,6098,1729051199999
1729051200000,0.1791,0.1797,0.1764,0.1772,3104005.1,552266.64275,6008,1729065599999
1729065600000,0.1772,0.1802,0.1768,0.1791,3125124.1,557136.33345,6477,1729079999999
1729080000000,0.1791,0.1799,0.1761,0.1770,4845219.0,861850.75748,9212,1729094399999
1729094400000,0.1770,0.1777,0.1754,0.1768,2474917.2,437632.17753,5949,1729108799999
1729108800000,0.1768,0.1781,0.1763,0.1766,1695143.9,300581.06865,4030,1729123199999
1729123200000,0.1765,0.1779,0.1757,0.1765,2173496.0,384127.12168,5046,1729137599999
1729137600000,0.1765,0.1767,0.1733,0.1745,2425761.8,424416.94795,5777,1729151999999
1729152000000,0.1744,0.1752,0.1716,0.1716,2157518.4,374004.51218,5331,1729166399999
1729166400000,0.1718,0.1744,0.1711,0.1739,3515403.7,606441.92133,7681,1729180799999
1729180800000,0.1739,0.1742,0.1697,0.1713,2877410.3,494426.95140,7397,1729195199999
1729195200000,0.1712,0.1730,0.1711,0.1726,1645650.8,283404.78957,3732,1729209599999
1729209600000,0.1726,0.1760,0.1719,0.1746,2490371.8,433010.70620,5679,1729223999999
1729224000000,0.1747,0.1765,0.1743,0.1756,1329277.8,233163.39785,3678,1729238399999
1729238400000,0.1757,0.1760,0.1737,0.1738,1671971.2,292549.92369,3883,1729252799999
1729252800000,0.1737,0.1758,0.1726,0.1754,2825737.3,492388.70968,6390,1729267199999
1729267200000,0.1754,0.1769,0.1740,0.1755,2444228.2,429647.20924,5208,1729281599999
1729281600000,0.1755,0.1771,0.1747,0.1769,2103952.6,369470.23833,4213,1729295999999
1729296000000,0.1769,0.1804,0.1764,0.1794,3971140.3,709270.82643,7518,1729310399999
1729310400000,0.1795,0.1810,0.1795,0.1799,2909864.5,524580.99559,5574,1729324799999
1729324800000,0.1800,0.1803,0.1761,0.1762,2945741.6,524696.54393,5456,1729339199999
1729339200000,0.1761,0.1786,0.1761,0.1774,2341517.4,415318.45206,4576,1729353599999
1729353600000,0.1773,0.1786,0.1765,0.1781,2079405.4,368783.76941,4630,1729367999999
1729368000000,0.1782,0.1796,0.1777,0.1791,3340504.9,596257.16304,5026,1729382399999
1729382400000,0.1792,0.1802,0.1768,0.1775,1955569.8,348835.22632,4789,1729396799999
1729396800000,0.1775,0.1803,0.1774,0.1791,2623912.7,470469.22155,5806,1729411199999
1729411200000,0.1791,0.1809,0.1790,0.1804,2393121.4,431377.43602,4439,1729425599999
1729425600000,0.1805,0.1832,0.1796,0.1815,3824085.3,694148.08768,7514,1729439999999
1729440000000,0.1816,0.1821,0.1805,0.1814,1896329.4,343964.36666,4300,1729454399999
1729454400000,0.1815,0.1842,0.1812,0.1842,2477018.2,453192.95117,6302,1729468799999
1729468800000,0.1841,0.1849,0.1828,0.1838,2375382.1,437264.47662,6580,1729483199999
1729483200000,0.1838,0.1852,0.1822,0.1825,2723892.5,500769.10598,5463,1729497599999
1729497600000,0.1824,0.1835,0.1801,0.1805,2885560.4,523195.67607,6692,1729511999999
1729512000000,0.1805,0.1819,0.1774,0.1793,4299833.3,770896.40928,8270,1729526399999
1729526400000,0.1794,0.1802,0.1774,0.1799,2653754.3,475434.53518,6141,1729540799999
1729540800000,0.1798,0.1803,0.1780,0.1781,1819059.1,326483.52152,3735,1729555199999
1729555200000,0.1780,0.1792,0.1753,0.1781,3506823.5,622597.84365,7399,1729569599999
1729569600000,0.1781,0.1787,0.1770,0.1771,1823752.7,324426.36021,3962,1729583999999
1729584000000,0.1771,0.1773,0.1727,0.1742,4954491.8,863965.59018,9396,1729598399999
1729598400000,0.1741,0.1752,0.1723,0.1743,4628291.2,804626.42258,10131,1729612799999
1729612800000,0.1742,0.1757,0.1726,0.1753,2907931.5,506703.64259,6973,1729627199999
1729627200000,0.1753,0.1769,0.1747,0.1757,2169320.2,381057.29004,5021,1729641599999
1729641600000,0.1757,0.1760,0.1729,0.1740,2850482.3,497792.78571,6094,1729655999999
1729656000000,0.1740,0.1745,0.1724,0.1726,1919961.4,333175.41052,5043,1729670399999
1729670400000,0.1725,0.1730,0.1706,0.1710,2897114.2,497562.36260,6523,1729684799999
1729684800000,0.1709,0.1715,0.1684,0.1695,4120103.2,700778.59462,8172,1729699199999
1729699200000,0.1695,0.1738,0.1649,0.1737,9478746.2,1601579.95545,17194,1729713599999
1729713600000,0.1738,0.1738,0.1695,0.1723,6639380.1,1136386.00713,10220,1729727999999
1729728000000,0.1724,0.1739,0.1713,0.1722,4664143.9,805652.83696,6810,1729742399999
1729742400000,0.1722,0.1740,0.1718,0.1720,2147447.6,371401.44148,4657,1729756799999
1729756800000,0.1719,0.1724,0.1699,0.1717,2687709.6,459777.33939,5182,1729771199999
1729771200000,0.1716,0.1742,0.1716,0.1736,3399364.3,588190.05963,6980,1729785599999
1729785600000,0.1737,0.1812,0.1730,0.1777,18759094.9,3326017.85824,22161,1729799999999
1729800000000,0.1777,0.1785,0.1753,0.1762,7700271.7,1360743.83199,9507,1729814399999
1729814400000,0.1762,0.1769,0.1736,0.1745,3419231.0,598721.53900,6705,1729828799999
1729828800000,0.1745,0.1746,0.1707,0.1716,4424848.2,762589.38691,7640,1729843199999
1729843200000,0.1716,0.1734,0.1699,0.1733,3594237.7,619529.14927,6683,1729857599999
1729857600000,0.1732,0.1742,0.1701,0.1709,3704216.7,639526.01321,7665,1729871999999
1729872000000,0.1708,0.1717,0.1663,0.1683,7695711.8,1301367.42208,11692,1729886399999
1729886400000,0.1683,0.1692,0.1545,0.1611,14036503.0,2263959.70015,15488,1729900799999
1729900800000,0.1611,0.1645,0.1584,0.1634,7602779.8,1229932.94105,9400,1729915199999
1729915200000,0.1635,0.1646,0.1631,0.1635,3229664.0,529376.03751,4320,1729929599999
1729929600000,0.1635,0.1640,0.1625,0.1631,2407121.5,393147.33740,3515,1729943999999
1729944000000,0.1631,0.1633,0.1586,0.1595,3073687.4,493609.80795,4929,1729958399999
1729958400000,0.1595,0.1610,0.1587,0.1610,2087538.8,334104.24858,3815,1729972799999
1729972800000,0.1609,0.1623,0.1605,0.1610,1982306.4,319411.17247,3282,1729987199999
1729987200000,0.1610,0.1618,0.1600,0.1615,1907137.8,306684.36466,3281,1730001599999
1730001600000,0.1616,0.1623,0.1612,0.1621,1312956.7,212444.30317,2821,1730015999999
1730016000000,0.1621,0.1624,0.1612,0.1618,1406431.9,227609.86712,2936,1730030399999
1730030400000,0.1619,0.1643,0.1618,0.1640,2050195.3,334062.18823,3837,1730044799999
1730044800000,0.1641,0.1649,0.1631,0.1639,1815632.4,298002.24767,3518,1730059199999
1730059200000,0.1639,0.1659,0.1635,0.1648,1640533.8,270597.67340,3698,1730073599999
1730073600000,0.1649,0.1652,0.1617,0.1619,1915933.8,314059.78266,4545,1730087999999
1730088000000,0.1618,0.1652,0.1613,0.1646,3043127.3,495992.70316,5255,1730102399999
1730102400000,0.1647,0.1654,0.1636,0.1643,1921000.7,316244.45812,4058,1730116799999
1730116800000,0.1644,0.1654,0.1622,0.1625,3150374.7,516786.08599,6642,1730131199999
1730131200000,0.1625,0.1648,0.1608,0.1633,3750139.0,611225.96026,6533,1730145599999
1730145600000,0.1635,0.1671,0.1633,0.1658,2428267.0,402175.74420,4978,1730159999999
1730160000000,0.1658,0.1688,0.1650,0.1681,3737400.5,625184.49525,8153,1730174399999
1730174400000,0.1681,0.1688,0.1674,0.1680,2018058.1,339228.36491,4036,1730188799999
1730188800000,0.1681,0.1689,0.1679,0.1687,1435458.6,241785.77740,3224,1730203199999
1730203200000,0.1687,0.1701,0.1685,0.1701,3073251.8,519816.81516,5357,1730217599999
1730217600000,0.1700,0.1731,0.1696,0.1704,6568563.7,1127837.48597,9603,1730231999999
1730232000000,0.1704,0.1728,0.1691,0.1726,2548793.9,436457.17794,5089,1730246399999
1730246400000,0.1727,0.1729,0.1705,0.1722,2082454.2,357822.01870,4696,1730260799999
1730260800000,0.1723,0.1728,0.1712,0.1716,1892390.8,325459.49944,3468,1730275199999
1730275200000,0.1717,0.1725,0.1687,0.1689,2487915.9,425077.45206,3983,1730289599999
1730289600000,0.1689,0.1717,0.1679,0.1698,4409672.8,748751.69622,7355,1730303999999
1730304000000,0.1697,0.1712,0.1693,0.1697,2829130.2,481364.78563,4667,1730318399999
1730318400000,0.1698,0.1715,0.1691,0.1697,2367292.6,402860.18658,4817,1730332799999
1730332800000,0.1697,0.1701,0.1676,0.1681,2694323.6,454866.19555,4991,1730347199999
1730347200000,0.1682,0.1684,0.1662,0.1667,2486501.9,416073.06863,4158,1730361599999
1730361600000,0.1668,0.1668,0.1650,0.1657,2971888.7,492737.75947,5363,1730375999999
1730376000000,0.1657,0.1661,0.1617,0.1626,5892276.7,964410.89196,8525,1730390399999
1730390400000,0.1625,0.1625,0.1589,0.1596,4354232.0,699561.89888,7398,1730404799999
1730404800000,0.1595,0.1612,0.1593,0.1602,2806805.7,449971.26564,4220,1730419199999
1730419200000,0.1602,0.1608,0.1571,0.1595,4180019.8,664757.29844,6544,1730433599999
1730433600000,0.1596,0.1606,0.1572,0.1581,3018632.6,480244.71483,5070,1730447999999
1730448000000,0.1581,0.1610,0.1577,0.1609,2835906.3,452052.72185,5047,1730462399999
1730462400000,0.1608,0.1639,0.1577,0.1590,7924418.5,1278731.60088,11860,1730476799999
1730476800000,0.1590,0.1614,0.1586,0.1593,4714224.3,754257.41953,7656,1730491199999
1730491200000,0.1594,0.1603,0.1573,0.1596,2879081.2,457987.50049,5190,1730505599999
1730505600000,0.1596,0.1617,0.1594,0.1606,1759206.6,282716.34512,3639,1730519999999
1730520000000,0.1605,0.1610,0.1596,0.1608,1484189.4,238091.15082,2970,1730534399999
1730534400000,0.1608,0.1611,0.1587,0.1590,2753924.4,439729.18489,3814,1730548799999
1730548800000,0.1589,0.1592,0.1550,0.1556,5666483.2,887863.62306,7525,1730563199999
1730563200000,0.1556,0.1567,0.1544,0.1554,3918753.8,608941.91769,5400,1730577599999
1730577600000,0.1553,0.1556,0.1542,0.1550,1593565.8,247134.08259,2996,1730591999999
1730592000000,0.1551,0.1553,0.1492,0.1515,7737981.1,1175519.93556,10442,1730606399999
1730606400000,0.1516,0.1537,0.1514,0.1533,3019749.1,461695.51819,4912,1730620799999
1730620800000,0.1533,0.1535,0.1508,0.1508,3522214.0,535331.53843,4669,1730635199999
1730635200000,0.1508,0.1515,0.1458,0.1478,7585470.8,1121716.72835,8808,1730649599999
1730649600000,0.1478,0.1493,0.1465,0.1491,4529598.4,670749.83042,6238,1730663999999
1730664000000,0.1492,0.1516,0.1487,0.1508,3753791.6,565414.11993,5485,1730678399999
1730678400000,0.1508,0.1532,0.1495,0.1518,7322752.6,1107691.38176,7545,1730692799999
1730692800000,0.1519,0.1528,0.1500,0.1501,3280681.8,495793.42908,4536,1730707199999
1730707200000,0.1501,0.1519,0.1490,0.1514,4250861.9,639561.04968,6115,1730721599999
1730721600000,0.1514,0.1525,0.1501,0.1506,4327822.5,654335.86787,6170,1730735999999
1730736000000,0.1506,0.1506,0.1474,0.1497,27910154.9,4148558.48556,12401,1730750399999
1730750400000,0.1497,0.1500,0.1459,0.1492,7716600.1,1144298.64342,9381,1730764799999
1730764800000,0.1492,0.1521,0.1491,0.1521,5447608.0,821154.23472,7544,1730779199999
1730779200000,0.1521,0.1545,0.1519,0.1542,4110657.8,630658.24783,6768,1730793599999
1730793600000,0.1543,0.1547,0.1533,0.1542,4097303.1,630850.56594,6572,1730807999999
1730808000000,0.1541,0.1575,0.1536,0.1565,7793287.1,1211825.13234,10120,1730822399999
1730822400000,0.1564,0.1590,0.1545,0.1551,7910858.9,1245766.97233,9608,1730836799999
1730836800000,0.1551,0.1577,0.1546,0.1567,4166106.7,651603.40842,6213,1730851199999
1730851200000,0.1568,0.1656,0.1566,0.1647,12336866.5,1998717.94092,16851,1730865599999
1730865600000,0.1647,0.1687,0.1640,0.1664,10443462.1,1738130.41745,13303,1730879999999
1730880000000,0.1665,0.1681,0.1635,0.1680,6414979.4,1067202.06728,9937,1730894399999
1730894400000,0.1680,0.1687,0.1658,0.1670,5453608.2,913772.36028,8749,1730908799999
1730908800000,0.1670,0.1685,0.1665,0.1685,4012674.9,671642.28036,7204,1730923199999
1730923200000,0.1685,0.1706,0.1681,0.1704,5367663.0,907916.47040,6874,1730937599999
1730937600000,0.1705,0.1780,0.1684,0.1718,32780952.9,5631465.08209,29190,1730951999999
1730952000000,0.1719,0.1722,0.1666,0.1689,8003324.4,1352774.79814,9396,1730966399999
1730966400000,0.1689,0.1704,0.1675,0.1679,7360813.6,1242914.86055,7695,1730980799999
1730980800000,0.1680,0.1718,0.1678,0.1718,6140182.8,1040203.73725,9147,1730995199999
1730995200000,0.1717,0.1735,0.1712,0.1732,6393989.4,1102879.44826,9980,1731009599999
1731009600000,0.1731,0.1734,0.1696,0.1711,5267482.0,904995.44076,9040,1731023999999
1731024000000,0.1711,0.1724,0.1673,0.1691,5039571.6,856053.02833,7785,1731038399999
1731038400000,0.1690,0.1706,0.1678,0.1680,6187500.4,1047407.69797,8064,1731052799999
1731052800000,0.1681,0.1683,0.1637,0.1677,13544934.2,2244923.00384,15681,1731067199999
1731067200000,0.1677,0.1699,0.1663,0.1685,6669101.8,1121861.72519,9686,1731081599999
1731081600000,0.1684,0.1698,0.1648,0.1689,8265389.0,1384688.72780,11523,1731095999999
1731096000000,0.1690,0.1710,0.1685,0.1708,6857228.4,1164235.17605,9079,1731110399999
1731110400000,0.1709,0.1713,0.1686,0.1699,5374171.1,913313.35810,8050,1731124799999
1731124800000,0.1698,0.1732,0.1698,0.1724,4010587.5,689296.23168,6710,1731139199999
1731139200000,0.1725,0.1736,0.1708,0.1728,4856491.5,837640.60746,7875,1731153599999
1731153600000,0.1727,0.1733,0.1692,0.1711,4155316.2,710933.80615,6417,1731167999999
1731168000000,0.1711,0.1723,0.1676,0.1713,4115279.7,701790.45761,6299,1731182399999
1731182400000,0.1712,0.1753,0.1709,0.1749,3929725.6,680350.78506,6911,1731196799999
1731196800000,0.1750,0.1772,0.1729,0.1766,5908844.2,1034871.34284,8516,1731211199999
1731211200000,0.1766,0.1817,0.1763,0.1805,9446329.0,1694842.95917,12204,1731225599999
1731225600000,0.1805,0.1836,0.1803,0.1830,5782103.1,1052473.89810,8151,1731239999999
1731240000000,0.1830,0.1868,0.1802,0.1867,9791255.7,1802070.60679,13688,1731254399999
1731254400000,0.1867,0.1902,0.1836,0.1857,11221467.2,2104485.77832,15111,1731268799999
1731268800000,0.1856,0.1863,0.1747,0.1841,14681941.9,2656653.35830,17591,1731283199999
1731283200000,0.1841,0.1910,0.1836,0.1896,9977552.9,1872841.61181,12758,1731297599999
1731297600000,0.1896,0.1910,0.1812,0.1846,11437364.9,2118029.42451,15878,1731311999999
1731312000000,0.1845,0.1889,0.1843,0.1889,6110112.2,1138295.59666,9016,1731326399999
1731326400000,0.1888,0.1893,0.1839,0.1863,12451412.8,2324009.62234,14979,1731340799999
1731340800000,0.1863,0.1919,0.1861,0.1903,10727043.3,2032690.80812,12161,1731355199999
1731355200000,0.1903,0.1956,0.1886,0.1953,8952137.2,1717400.32075,12987,1731369599999
1731369600000,0.1954,0.1977,0.1892,0.1970,16563320.1,3218589.68036,18906,1731383999999
1731384000000,0.1971,0.2006,0.1923,0.2002,10923532.6,2147856.16543,13342,1731398399999
1731398400000,0.2002,0.2046,0.1830,0.1907,37592610.5,7262604.73783,37609,1731412799999
1731412800000,0.1907,0.1939,0.1844,0.1878,23752362.6,4487443.35738,29511,1731427199999
1731427200000,0.1879,0.1941,0.1838,0.1924,13228409.7,2499098.07874,18806,1731441599999
1731441600000,0.1925,0.1989,0.1902,0.1967,10749864.7,2090417.99317,14110,1731455999999
1731456000000,0.1967,0.2004,0.1877,0.1880,20885072.0,4050086.40381,25318,1731470399999
1731470400000,0.1879,0.1917,0.1802,0.1853,18316370.2,3389088.24111,21897,1731484799999
1731484800000,0.1854,0.1862,0.1811,0.1840,9811119.4,1801948.47714,13668,1731499199999
1731499200000,0.1839,0.1930,0.1816,0.1929,21613743.5,4062180.91184,24115,1731513599999
1731513600000,0.1930,0.1940,0.1841,0.1851,19481447.1,3700196.10079,20641,1731527999999
1731528000000,0.1848,0.1878,0.1807,0.1876,13713854.1,2527850.31122,15525,1731542399999
1731542400000,0.1877,0.1892,0.1820,0.1863,11377221.6,2120388.38602,16672,1731556799999
1731556800000,0.1864,0.1926,0.1854,0.1909,8696065.8,1644145.51640,12990,1731571199999
1731571200000,0.1910,0.1928,0.1822,0.1847,25576224.9,4820618.99875,24000,1731585599999
1731585600000,0.1846,0.1870,0.1781,0.1798,17577885.8,3206742.65609,20322,1731599999999
1731600000000,0.1798,0.1841,0.1784,0.1836,8201369.1,1494095.01005,12390,1731614399999
1731614400000,0.1836,0.1854,0.1789,0.1817,14066958.2,2560723.32778,22650,1731628799999
1731628800000,0.1817,0.1894,0.1768,0.1803,28795779.7,5205554.60492,30737,1731643199999
1731643200000,0.1803,0.1820,0.1752,0.1804,8802289.2,1570544.73365,13687,1731657599999
1731657600000,0.1803,0.1858,0.1784,0.1857,6514675.0,1192128.86056,11755,1731671999999
1731672000000,0.1858,0.1890,0.1827,0.1842,12969818.3,2412633.65229,17741,1731686399999
1731686400000,0.1842,0.1905,0.1829,0.1899,11082491.2,2079548.00538,16943,1731700799999
1731700800000,0.1899,0.1926,0.1899,0.1924,6661055.8,1276917.76298,11992,1731715199999
1731715200000,0.1925,0.1973,0.1914,0.1971,6611643.0,1283034.81024,10922,1731729599999
1731729600000,0.1970,0.1981,0.1945,0.1980,7864900.4,1546527.92416,10639,1731743999999
1731744000000,0.1979,0.2046,0.1974,0.2034,8685757.2,1748734.21980,13566,1731758399999
1731758400000,0.2034,0.2093,0.2022,0.2060,19637690.9,4034650.22839,24382,1731772799999
1731772800000,0.2061,0.2126,0.2045,0.2120,10875890.2,2279086.00369,14153,1731787199999
1731787200000,0.2120,0.2170,0.2107,0.2169,11469797.8,2455834.51721,17274,1731801599999
1731801600000,0.2169,0.2169,0.2032,0.2075,25372715.2,5305498.44088,28282,1731815999999
1731816000000,0.2075,0.2085,0.2047,0.2067,8917681.6,1842779.41507,15060,1731830399999
1731830400000,0.2066,0.2084,0.2028,0.2028,8213791.1,1692454.76088,13362,1731844799999
1731844800000,0.2028,0.2058,0.2006,0.2011,10548915.4,2143146.61007,14752,1731859199999
1731859200000,0.2012,0.2015,0.1950,0.1963,9262520.1,1838871.89317,15101,1731873599999
1731873600000,0.1963,0.1974,0.1923,0.1967,9294476.8,1811834.10250,14262,1731887999999
1731888000000,0.1967,0.2040,0.1949,0.2037,8986467.8,1793988.69545,13722,1731902399999
1731902400000,0.2038,0.2097,0.2024,0.2092,8399090.3,1730706.14994,13586,1731916799999
1731916800000,0.2091,0.2095,0.2046,0.2056,9165891.2,1904025.72526,13010,1731931199999
1731931200000,0.2056,0.2242,0.2029,0.2241,23668203.1,4998664.12783,29101,1731945599999
1731945600000,0.2241,0.2304,0.2163,0.2203,39392367.9,8732169.63073,47575,1731959999999
1731960000000,0.2203,0.2275,0.2180,0.2266,16629165.9,3708190.68186,24856,1731974399999
1731974400000,0.2265,0.2296,0.2213,0.2215,18781101.0,4234161.68851,25206,1731988799999
1731988800000,0.2215,0.2244,0.2170,0.2216,14355493.3,3167114.00753,18017,1732003199999
1732003200000,0.2217,0.2220,0.2162,0.2201,8603903.5,1884710.55128,13175,1732017599999
1732017600000,0.2200,0.2226,0.2132,0.2158,12111542.4,2625950.31060,16426,1732031999999
1732032000000,0.2158,0.2180,0.2147,0.2169,8263880.6,1789756.35680,15017,1732046399999
1732046400000,0.2170,0.2172,0.2096,0.2156,9312123.4,1979890.39176,17155,1732060799999
1732060800000,0.2155,0.2156,0.2030,0.2065,10866430.1,2266537.54429,18038,1732075199999
1732075200000,0.2066,0.2106,0.2045,0.2081,8092687.9,1683094.72548,11878,1732089599999
1732089600000,0.2081,0.2133,0.2076,0.2119,8360315.0,1761913.39208,11756,1732103999999
1732104000000,0.2118,0.2182,0.2091,0.2140,13766107.8,2937963.73511,18308,1732118399999
1732118400000,0.2141,0.2146,0.2015,0.2032,17477572.1,3607317.32093,24051,1732132799999
1732132800000,0.2032,0.2084,0.2020,0.2051,7986999.9,1645588.11012,11572,1732147199999
1732147200000,0.2052,0.2066,0.1981,0.2007,12782410.1,2588298.10559,17611,1732161599999
1732161600000,0.2008,0.2104,0.2006,0.2089,12676584.4,2621574.93091,16045,1732175999999
1732176000000,0.2089,0.2093,0.2036,0.2085,8087555.0,1670972.77096,11344,1732190399999
1732190400000,0.2085,0.2174,0.2079,0.2109,22660220.2,4831159.45373,27221,1732204799999
1732204800000,0.2109,0.2166,0.2109,0.2155,10066482.9,2152715.08340,15288,1732219199999
1732219200000,0.2154,0.2169,0.2132,0.2152,6571947.4,1411639.22428,10330,1732233599999
1732233600000,0.2152,0.2175,0.2115,0.2165,7981865.5,1712764.72596,13941,1732247999999
1732248000000,0.2165,0.2210,0.2161,0.2188,6994248.1,1532285.83290,11816,1732262399999
1732262400000,0.2190,0.2218,0.2172,0.2213,7313585.4,1608618.50928,11871,1732276799999
1732276800000,0.2214,0.2243,0.2140,0.2209,27669988.9,6031378.44614,30869,1732291199999
1732291200000,0.2208,0.2232,0.2177,0.2211,13453638.5,2970097.77047,19974,1732305599999
1732305600000,0.2212,0.2320,0.2206,0.2320,12491400.6,2826479.00251,18337,1732319999999
1732320000000,0.2320,0.2403,0.2294,0.2370,22010650.7,5185210.48604,28594,1732334399999
1732334400000,0.2371,0.2457,0.2324,0.2454,15132253.9,3612884.75608,21791,1732348799999
1732348800000,0.2453,0.2532,0.2427,0.2510,22169308.0,5491984.74673,30120,1732363199999
1732363200000,0.2511,0.2600,0.2508,0.2587,18041064.3,4603343.77804,23716,1732377599999
1732377600000,0.2588,0.2613,0.2454,0.2546,46385949.8,11726453.53241,51703,1732391999999
1732392000000,0.2546,0.2547,0.2459,0.2499,19587411.9,4899124.04991,28950,1732406399999
1732406400000,0.2498,0.2687,0.2477,0.2687,19301768.5,4958592.19858,27213,1732420799999
1732420800000,0.2685,0.2756,0.2639,0.2712,29830074.5,8070574.14746,42162,1732435199999
1732435200000,0.2713,0.2727,0.2536,0.2537,28548112.7,7490165.78466,38609,1732449599999
1732449600000,0.2537,0.2578,0.2410,0.2413,46580290.1,11585532.51397,52855,1732463999999
1732464000000,0.2414,0.2547,0.2402,0.2528,14661465.9,3646833.12351,23930,1732478399999
1732478400000,0.2528,0.2900,0.2522,0.2884,36457000.7,9938330.35133,44310,1732492799999
1732492800000,0.2885,0.3322,0.2884,0.2979,165561263.3,51483306.67010,190820,1732507199999
1732507200000,0.2979,0.3011,0.2820,0.2840,38913306.3,11266890.67875,56126,1732521599999
1732521600000,0.2840,0.2959,0.2835,0.2878,25775718.0,7481322.69970,49474,1732535999999
1732536000000,0.2878,0.2910,0.2690,0.2778,33469120.1,9373189.92940,45297,1732550399999
1732550400000,0.2777,0.2796,0.2698,0.2748,19339831.8,5316424.27336,28245,1732564799999
1732564800000,0.2747,0.2788,0.2635,0.2681,21004554.5,5707668.50624,33950,1732579199999
1732579200000,0.2679,0.2880,0.2643,0.2815,34013528.1,9377225.57555,47067,1732593599999
1732593600000,0.2813,0.2916,0.2781,0.2847,25034370.2,7156475.08596,35567,1732607999999
1732608000000,0.2846,0.2859,0.2617,0.2688,44201154.2,12092303.72429,53691,1732622399999
1732622400000,0.2687,0.2715,0.2612,0.2643,27084199.1,7211267.01020,36368,1732636799999
1732636800000,0.2643,0.2749,0.2627,0.2689,22004066.1,5930260.47747,31037,1732651199999
1732651200000,0.2688,0.2831,0.2680,0.2828,17255889.2,4744325.86881,25651,1732665599999
1732665600000,0.2828,0.2866,0.2767,0.2781,23220794.6,6530903.04683,33634,1732679999999
1732680000000,0.2781,0.2858,0.2751,0.2856,12440988.0,3485081.70268,22381,1732694399999
1732694400000,0.2856,0.2900,0.2797,0.2872,11360781.3,3243188.69123,22038,1732708799999
1732708800000,0.2872,0.3024,0.2824,0.3023,25184220.2,7413453.24459,38299,1732723199999
1732723200000,0.3022,0.3023,0.2964,0.2999,10252402.9,3068443.46965,17668,1732737599999
1732737600000,0.2999,0.3028,0.2953,0.2982,11014423.1,3286882.57599,19979,1732751999999
1732752000000,0.2981,0.3091,0.2924,0.3003,22634357.4,6814650.15890,35974,1732766399999
1732766400000,0.3002,0.3082,0.2997,0.3036,8994177.1,2734286.50787,19077,1732780799999
1732780800000,0.3038,0.3044,0.2962,0.3010,10988216.3,3296237.05017,21602,1732795199999
1732795200000,0.3009,0.3029,0.2939,0.2950,11332774.6,3392052.55373,21124,1732809599999
1732809600000,0.2950,0.3020,0.2948,0.3006,6948047.7,2076230.99587,16299,1732823999999
1732824000000,0.3007,0.3061,0.2969,0.3040,7066410.8,2133108.57924,15975,1732838399999
1732838400000,0.3041,0.3041,0.2969,0.2969,8474045.1,2551499.71376,18022,1732852799999
1732852800000,0.2969,0.2972,0.2942,0.2945,5690889.6,1682145.81585,13261,1732867199999
1732867200000,0.2945,0.3107,0.2945,0.3101,11783418.3,3583956.88022,22952,1732881599999
1732881600000,0.3102,0.3239,0.3097,0.3215,14790477.7,4662561.65295,34178,1732895999999
1732896000000,0.3215,0.3267,0.3167,0.3264,10926623.5,3513820.75351,27412,1732910399999
1732910400000,0.3264,0.3324,0.3232,0.3291,9555448.2,3131648.11451,24202,1732924799999
1732924800000,0.3290,0.3312,0.3149,0.3156,13632963.0,4409138.40167,30151,1732939199999
1732939200000,0.3155,0.3194,0.3144,0.3180,9909146.4,3139711.47600,24746,1732953599999
1732953600000,0.3178,0.3193,0.3104,0.3134,9946260.5,3135470.01289,20701,1732967999999
1732968000000,0.3133,0.3231,0.3131,0.3193,9670919.6,3083240.10574,20216,1732982399999
1732982400000,0.3193,0.3256,0.3157,0.3245,6244540.0,2006175.02535,18211,1732996799999
1732996800000,0.3245,0.3263,0.3179,0.3201,6750461.6,2173325.28060,21664,1733011199999
1733011200000,0.3201,0.3201,0.3056,0.3108,16289895.4,5075702.47994,34593,1733025599999
1733025600000,0.3108,0.3153,0.3080,0.3143,5477799.6,1705975.07201,15367,1733039999999
1733040000000,0.3142,0.3227,0.3129,0.3207,10171203.2,3236300.13820,22199,1733054399999
1733054400000,0.3207,0.3258,0.3197,0.3210,10179733.4,3284314.89039,20525,1733068799999
1733068800000,0.3210,0.3226,0.3164,0.3183,10071856.3,3219978.87577,20572,1733083199999
1733083200000,0.3183,0.3223,0.3125,0.3207,8675034.5,2757403.39571,20615,1733097599999
1733097600000,0.3208,0.3270,0.3120,0.3139,18024830.9,5785954.06967,33480,1733111999999
1733112000000,0.3139,0.3229,0.3090,0.3165,20407333.7,6453597.70394,35074,1733126399999
1733126400000,0.3164,0.3180,0.2924,0.2958,33970373.4,10197697.12360,52705,1733140799999
1733140800000,0.2959,0.3140,0.2945,0.3137,17067064.0,5178796.69424,32315,1733155199999
1733155200000,0.3136,0.3167,0.3014,0.3156,16828561.4,5209529.55261,33304,1733169599999
1733169600000,0.3157,0.3289,0.3153,0.3261,14076683.7,4550621.53548,30645,1733183999999
1733184000000,0.3261,0.3383,0.3247,0.3334,20908050.1,6921692.55171,37446,1733198399999
1733198400000,0.3334,0.3418,0.3236,0.3295,22192901.5,7373078.38320,35034,1733212799999
1733212800000,0.3294,0.3415,0.3292,0.3399,26223240.7,8817124.49593,38169,1733227199999
1733227200000,0.3398,0.3469,0.3049,0.3187,58151148.1,18815888.43027,84386,1733241599999
1733241600000,0.3188,0.3295,0.3143,0.3285,25045020.1,8084385.64422,39278,1733255999999
1733256000000,0.3284,0.3516,0.3275,0.3508,17564629.6,5995044.04724,33148,1733270399999
1733270400000,0.3507,0.3534,0.3364,0.3506,25835072.5,8900176.47227,41412,1733284799999
1733284800000,0.3505,0.3576,0.3485,0.3545,12675077.7,4471776.93124,21737,1733299199999
1733299200000,0.3546,0.3620,0.3535,0.3603,13543230.6,4835106.12254,23783,1733313599999
1733313600000,0.3602,0.3640,0.3477,0.3530,22973647.9,8177785.57325,41433,1733327999999
1733328000000,0.3529,0.3627,0.3333,0.3605,29038336.2,10018083.19005,51642,1733342399999
1733342400000,0.3605,0.3648,0.3455,0.3536,21566495.1,7676128.92495,39641,1733356799999
1733356800000,0.3534,0.3568,0.3313,0.3372,35672572.1,12180410.58252,59919,1733371199999
1733371200000,0.3371,0.3510,0.3364,0.3503,13775427.2,4745229.90582,25300,1733385599999
1733385600000,0.3503,0.3513,0.3436,0.3499,15515652.2,5392087.61154,24103,1733399999999
1733400000000,0.3499,0.3521,0.3346,0.3387,52804317.4,18092376.82734,81773,1733414399999
1733414400000,0.3386,0.3442,0.3334,0.3349,11986688.8,4082178.15352,26815,1733428799999
1733428800000,0.3348,0.3434,0.3204,0.3350,26202482.7,8749709.11199,49484,1733443199999
1733443200000,0.3349,0.3514,0.3317,0.3484,20329660.1,6985909.39267,36342,1733457599999
1733457600000,0.3484,0.3509,0.3409,0.3439,19004914.8,6552739.96810,25864,1733471999999
1733472000000,0.3439,0.3474,0.3269,0.3301,40431156.2,13683206.65395,62414,1733486399999
1733486400000,0.3300,0.3468,0.3219,0.3336,64078508.0,21407264.79458,83673,1733500799999
1733500800000,0.3338,0.3434,0.3328,0.3434,9882947.8,3346115.73980,20592,1733515199999
1733515200000,0.3434,0.3480,0.3423,0.3443,9605175.7,3312890.75501,20374,1733529599999
1733529600000,0.3443,0.3709,0.3412,0.3479,54550852.8,19275787.78102,85955,1733543999999
1733544000000,0.3478,0.3536,0.3416,0.3440,10231088.7,3568312.88681,24655,1733558399999
1733558400000,0.3439,0.3469,0.3344,0.3380,17083371.6,5812100.13947,30331,1733572799999
1733572800000,0.3379,0.3489,0.3377,0.3427,14778666.6,5077549.44001,28386,1733587199999
1733587200000,0.3427,0.3432,0.3357,0.3372,6171706.1,2096351.02822,17238,1733601599999
1733601600000,0.3372,0.3414,0.3357,0.3388,4902599.6,1656899.03894,11832,1733615999999
1733616000000,0.3388,0.3406,0.3351,0.3351,7086192.3,2390669.00477,16524,1733630399999
1733630400000,0.3351,0.3370,0.3287,0.3359,6561288.1,2183011.39562,17943,1733644799999
1733644800000,0.3359,0.3362,0.3271,0.3338,5439212.1,1803029.99973,17438,1733659199999
1733659200000,0.3337,0.3379,0.3313,0.3367,5402369.5,1808266.46686,17217,1733673599999
1733673600000,0.3368,0.3383,0.3313,0.3344,4460108.4,1490835.10546,14551,1733687999999
1733688000000,0.3344,0.3411,0.3327,0.3401,3840628.3,1292893.69932,11407,1733702399999
1733702400000,0.3401,0.3403,0.3199,0.3237,11727822.4,3870290.90164,28796,1733716799999
1733716800000,0.3237,0.3284,0.3160,0.3209,9014023.1,2907548.21551,22374,1733731199999
1733731200000,0.3208,0.3209,0.3006,0.3019,26661522.5,8214543.22741,45154,1733745599999
1733745600000,0.3020,0.3152,0.2988,0.3057,14367754.7,4420603.79862,29277,1733759999999
1733760000000,0.3058,0.3084,0.3003,0.3008,9922037.2,3016801.89075,21599,1733774399999
1733774400000,0.3009,0.3019,0.2327,0.2755,63925135.3,17487015.13045,98376,1733788799999
1733788800000,0.2754,0.2793,0.2536,0.2642,31027389.6,8275024.82937,42570,1733803199999
1733803200000,0.2641,0.2743,0.2580,0.2714,14901007.9,3985329.45574,25265,1733817599999
1733817600000,0.2713,0.2764,0.2675,0.2726,10843476.0,2951616.76837,19129,1733831999999
1733832000000,0.2726,0.2753,0.2478,0.2480,30507150.6,7990297.61094,43469,1733846399999
1733846400000,0.2481,0.2566,0.2378,0.2560,31656280.9,7801025.61487,38947,1733860799999
1733860800000,0.2559,0.2695,0.2542,0.2669,12286362.0,3243956.09080,20998,1733875199999
1733875200000,0.2668,0.2679,0.2552,0.2646,12998694.4,3408941.18823,23882,1733889599999
1733889600000,0.2647,0.2662,0.2613,0.2615,6115058.8,1612784.55613,13946,1733903999999
1733904000000,0.2615,0.2756,0.2613,0.2728,7522349.9,2026626.69902,16319,1733918399999
1733918400000,0.2727,0.2906,0.2726,0.2895,12802361.6,3606986.76480,24949,1733932799999
1733932800000,0.2893,0.2921,0.2844,0.2875,6759801.4,1945424.58039,15580,1733947199999
1733947200000,0.2875,0.2918,0.2863,0.2904,5547354.3,1605718.12361,11314,1733961599999
1733961600000,0.2902,0.3026,0.2866,0.3021,27132267.0,7910978.44316,35997,1733975999999
1733976000000,0.3020,0.3063,0.2996,0.3028,12048179.1,3656559.65130,21409,1733990399999
1733990400000,0.3028,0.3056,0.2913,0.2938,13000270.6,3909505.90503,23599,1734004799999
1734004800000,0.2938,0.3028,0.2938,0.2975,13639275.9,4064577.86642,27680,1734019199999
1734019200000,0.2976,0.3010,0.2881,0.2892,9519205.9,2811602.54548,18734,1734033599999
1734033600000,0.2891,0.2964,0.2889,0.2953,8417338.8,2463450.78133,21813,1734047999999
1734048000000,0.2954,0.2973,0.2866,0.2938,8969016.1,2625689.30870,22187,1734062399999
1734062400000,0.2937,0.2943,0.2839,0.2870,7397450.0,2135242.29307,20998,1734076799999
1734076800000,0.2871,0.2928,0.2843,0.2892,6716795.1,1939312.03806,17639,1734091199999
1734091200000,0.2892,0.2952,0.2863,0.2866,9195201.3,2671369.44915,21656,1734105599999
1734105600000,0.2867,0.2935,0.2861,0.2918,8851973.9,2567343.11703,18885,1734119999999
1734120000000,0.2918,0.2959,0.2886,0.2952,4378858.1,1280925.11398,12676,1734134399999
1734134400000,0.2952,0.2981,0.2917,0.2922,5760231.0,1697747.83329,13427,1734148799999
1734148800000,0.2923,0.2962,0.2913,0.2925,3072178.0,900863.95440,9960,1734163199999
1734163200000,0.2926,0.2957,0.2889,0.2893,4759509.9,1390189.96017,12761,1734177599999
1734177600000,0.2892,0.2898,0.2781,0.2810,9802142.7,2766437.04893,22093,1734191999999
1734192000000,0.2810,0.2818,0.2732,0.2759,5755630.3,1595312.07280,14732,1734206399999
1734206400000,0.2759,0.2794,0.2723,0.2778,4715979.1,1302510.58367,14565,1734220799999
1734220800000,0.2778,0.2805,0.2737,0.2748,5230312.6,1448154.50972,14078,1734235199999
1734235200000,0.2749,0.2796,0.2702,0.2723,5892621.9,1624242.28090,15679,1734249599999
1734249600000,0.2722,0.2803,0.2721,0.2795,5205877.4,1443907.18885,17046,1734263999999
1734264000000,0.2794,0.2891,0.2770,0.2866,7062484.9,2001722.55420,17819,1734278399999
1734278400000,0.2864,0.2876,0.2819,0.2839,4535573.5,1292514.62735,12638,1734292799999
1734292800000,0.2840,0.2885,0.2736,0.2874,8191164.1,2300853.15116,23154,1734307199999
1734307200000,0.2873,0.2935,0.2813,0.2825,8696193.6,2501914.07681,22221,1734321599999
1734321600000,0.2826,0.2842,0.2783,0.2792,5011364.0,1410696.73776,15567,1734335999999
1734336000000,0.2793,0.2800,0.2679,0.2686,7972839.9,2182057.95207,18445,1734350399999
1734350400000,0.2686,0.2771,0.2682,0.2764,6937123.7,1890635.47762,18377,1734364799999
1734364800000,0.2764,0.2851,0.2762,0.2818,6766417.1,1903645.32307,17726,1734379199999
1734379200000,0.2818,0.2840,0.2754,0.2772,4779150.1,1334690.66409,13469,1734393599999
1734393600000,0.2772,0.2809,0.2674,0.2695,26310083.8,7200546.66513,48253,1734407999999
1734408000000,0.2696,0.2706,0.2654,0.2679,6423223.8,1722401.33354,18891,1734422399999
1734422400000,0.2680,0.2760,0.2671,0.2748,7173357.9,1949318.28761,17179,1734436799999
1734436800000,0.2747,0.2772,0.2628,0.2648,13865727.5,3742781.90466,28160,1734451199999
1734451200000,0.2647,0.2734,0.2623,0.2698,7964421.7,2135791.93942,21075,1734465599999
1734465600000,0.2697,0.2716,0.2591,0.2625,8705247.7,2304165.16506,21521,1734479999999
1734480000000,0.2626,0.2635,0.2571,0.2572,7962142.3,2074179.08142,21484,1734494399999
1734494400000,0.2571,0.2581,0.2518,0.2542,9752064.3,2489717.50174,22119,1734508799999
1734508800000,0.2542,0.2605,0.2514,0.2585,10624641.5,2715468.58920,23361,1734523199999
1734523200000,0.2585,0.2591,0.2506,0.2540,8685695.7,2209579.23854,23451,1734537599999
1734537600000,0.2539,0.2620,0.2501,0.2502,14150578.0,3627688.28553,27177,1734551999999
1734552000000,0.2500,0.2522,0.2326,0.2378,34486769.6,8367178.59967,51555,1734566399999
1734566400000,0.2379,0.2414,0.2239,0.2407,28323813.7,6607904.79767,39081,1734580799999
1734580800000,0.2407,0.2429,0.2391,0.2409,6889244.2,1660508.52325,16316,1734595199999
1734595200000,0.2409,0.2484,0.2374,0.2452,9484559.1,2297642.37159,22390,1734609599999
1734609600000,0.2450,0.2472,0.2331,0.2379,17273076.0,4140080.18449,30031,1734623999999
1734624000000,0.2378,0.2395,0.2185,0.2226,39613211.7,8989919.16311,52003,1734638399999
1734638400000,0.2227,0.2287,0.2159,0.2233,19571616.9,4350813.27197,30774,1734652799999
1734652800000,0.2233,0.2371,0.2200,0.2327,12765243.6,2923206.84310,26904,1734667199999
1734667200000,0.2326,0.2355,0.2232,0.2285,10539651.4,2421694.93804,23453,1734681599999
1734681600000,0.2284,0.2286,0.1924,0.1928,49717508.0,10285100.90799,65134,1734695999999
1734696000000,0.1928,0.2173,0.1888,0.2156,44563887.3,9010921.48136,57811,1734710399999
1734710400000,0.2155,0.2245,0.2135,0.2229,12936204.2,2825968.95925,25417,1734724799999
1734724800000,0.2230,0.2265,0.2169,0.2253,9836141.7,2184077.19278,20611,1734739199999
1734739200000,0.2253,0.2276,0.2226,0.2259,8950737.9,2013969.53993,19021,1734753599999
1734753600000,0.2258,0.2387,0.2254,0.2358,9262942.1,2160876.27670,19039,1734767999999
1734768000000,0.2358,0.2365,0.2248,0.2270,13859348.4,3191559.03723,21819,1734782399999
1734782400000,0.2269,0.2271,0.2121,0.2171,16664276.1,3638300.66362,31793,1734796799999
1734796800000,0.2171,0.2172,0.2067,0.2099,10847065.2,2294960.17806,24767,1734811199999
1734811200000,0.2100,0.2124,0.2063,0.2097,7673881.4,1605963.48469,17423,1734825599999
1734825600000,0.2097,0.2143,0.2075,0.2114,11043732.9,2330634.99300,22191,1734839999999
1734840000000,0.2113,0.2124,0.2049,0.2110,9650538.8,2024141.37516,18159,1734854399999
1734854400000,0.2109,0.2178,0.2108,0.2154,8035244.5,1726498.37605,14473,1734868799999
1734868800000,0.2154,0.2208,0.2112,0.2124,13461740.7,2899882.04590,22365,1734883199999
1734883200000,0.2123,0.2176,0.2089,0.2096,14091805.9,3024181.14811,20745,1734897599999
1734897600000,0.2096,0.2164,0.2066,0.2127,12191568.4,2583246.96321,22438,1734911999999
1734912000000,0.2127,0.2204,0.2068,0.2202,12818967.7,2724494.69059,24451,1734926399999
1734926400000,0.2202,0.2228,0.2129,0.2164,9306299.4,2025354.08869,17952,1734940799999
1734940800000,0.2164,0.2226,0.2157,0.2198,9380352.1,2062348.35166,16415,1734955199999
1734955200000,0.2198,0.2260,0.2164,0.2168,17375325.4,3838615.71853,28555,1734969599999
1734969600000,0.2168,0.2248,0.2160,0.2245,10715725.7,2366374.34428,22146,1734983999999
1734984000000,0.2244,0.2351,0.2242,0.2318,11735639.1,2707624.14170,21351,1734998399999
1734998400000,0.2318,0.2337,0.2256,0.2286,9570787.5,2199599.22145,19424,1735012799999
1735012800000,0.2287,0.2503,0.2278,0.2488,67930474.5,16274031.31388,70824,1735027199999
1735027200000,0.2488,0.2889,0.2443,0.2698,345617766.9,93993696.62920,392133,1735041599999
1735041600000,0.2698,0.3044,0.2669,0.2934,313831829.8,90610424.29961,309745,1735055999999
1735056000000,0.2934,0.3024,0.2807,0.2809,137845988.2,40304123.21755,166226,1735070399999
1735070400000,0.2809,0.2864,0.2761,0.2793,79789663.0,22373605.85585,99640,1735084799999
1735084800000,0.2792,0.2806,0.2664,0.2701,105741002.6,28764829.47088,116764,1735099199999
1735099200000,0.2701,0.2946,0.2685,0.2816,167701205.2,47143124.29880,185978,1735113599999
1735113600000,0.2815,0.2966,0.2754,0.2770,116672422.1,33215306.09736,159166,1735127999999
1735128000000,0.2770,0.2778,0.2621,0.2625,60521635.1,16284926.75114,90630,1735142399999
1735142400000,0.2625,0.2635,0.2573,0.2594,40633986.2,10585405.30270,61431,1735156799999
1735156800000,0.2595,0.2618,0.2546,0.2602,41236098.3,10632667.91745,54704,1735171199999
1735171200000,0.2602,0.2621,0.2521,0.2530,44794002.7,11485293.93613,63159,1735185599999
1735185600000,0.2529,0.2530,0.2436,0.2469,38526593.5,9546291.81201,52178,1735199999999
1735200000000,0.2468,0.2579,0.2398,0.2542,65786083.0,16277348.56740,71442,1735214399999
1735214400000,0.2542,0.2595,0.2442,0.2479,78580485.5,19873641.17523,92749,1735228799999
1735228800000,0.2479,0.2565,0.2467,0.2513,41492300.9,10427554.03774,62468,1735243199999
1735243200000,0.2514,0.2516,0.2438,0.2455,27495079.1,6802172.51912,45226,1735257599999
1735257600000,0.2456,0.2481,0.2401,0.2461,34108390.1,8348516.87899,50160,1735271999999
1735272000000,0.2462,0.2471,0.2381,0.2400,43317402.1,10476125.73985,51774,1735286399999
1735286400000,0.2399,0.2532,0.2398,0.2498,32671266.5,8133848.30243,48690,1735300799999
1735300800000,0.2498,0.2525,0.2393,0.2408,27738913.4,6822991.46179,41098,1735315199999
1735315200000,0.2409,0.2465,0.2378,0.2441,21286563.9,5152573.68449,33728,1735329599999
1735329600000,0.2440,0.2446,0.2379,0.2399,12614930.3,3041826.06419,21391,1735343999999
1735344000000,0.2400,0.2443,0.2384,0.2418,23578099.1,5685956.65275,31714,1735358399999
1735358400000,0.2419,0.2453,0.2391,0.2391,16848821.6,4079804.65766,26814,1735372799999
1735372800000,0.2392,0.2433,0.2377,0.2405,15597080.4,3744286.48515,24067,1735387199999
1735387200000,0.2406,0.2511,0.2390,0.2459,29398552.8,7236581.51034,41435,1735401599999
1735401600000,0.2458,0.2513,0.2444,0.2473,9566877.8,2372988.76046,22143,1735415999999
1735416000000,0.2472,0.2569,0.2460,0.2555,14516321.9,3646253.83585,21898,1735430399999
1735430400000,0.2554,0.2596,0.2489,0.2569,38441374.8,9776006.18802,50255,1735444799999
1735444800000,0.2568,0.2642,0.2507,0.2528,37979182.4,9795564.47246,47503,1735459199999
1735459200000,0.2528,0.2542,0.2461,0.2464,16042039.3,4012717.24092,22959,1735473599999
1735473600000,0.2464,0.2478,0.2414,0.2428,23430779.9,5723066.97073,32836,1735487999999
1735488000000,0.2429,0.2437,0.2378,0.2402,10056464.8,2414091.52823,19072,1735502399999
1735502400000,0.2401,0.2402,0.2354,0.2377,13170590.2,3130424.56149,21279,1735516799999
1735516800000,0.2376,0.2446,0.2362,0.2409,16222781.1,3907938.96548,27479,1735531199999
1735531200000,0.2409,0.2443,0.2374,0.2393,14388129.6,3452727.09120,22139,1735545599999
1735545600000,0.2393,0.2419,0.2337,0.2379,14536753.6,3449227.62846,21812,1735559999999
1735560000000,0.2379,0.2407,0.2278,0.2297,25401607.6,5908724.23886,35526,1735574399999
1735574400000,0.2296,0.2425,0.2275,0.2420,17554976.9,4116364.26217,27667,1735588799999
1735588800000,0.2421,0.2444,0.2325,0.2359,16229444.2,3835180.61197,25069,1735603199999
1735603200000,0.2358,0.2358,0.2302,0.2305,10892693.9,2529733.71322,20139,1735617599999
1735617600000,0.2305,0.2334,0.2287,0.2304,11726813.0,2707140.58529,17784,1735631999999
1735632000000,0.2304,0.2382,0.2304,0.2351,10886594.6,2556045.84619,19052,1735646399999
1735646400000,0.2351,0.2425,0.2335,0.2399,13947517.7,3323733.48620,23455,1735660799999
1735660800000,0.2400,0.2407,0.2321,0.2329,10498667.4,2473299.75665,19478,1735675199999
1735675200000,0.2330,0.2349,0.2306,0.2328,7207656.2,1678106.64979,13921,1735689599999
1735689600000,0.2328,0.2361,0.2322,0.2332,8439988.4,1976166.17972,15721,1735703999999
1735704000000,0.2332,0.2332,0.2306,0.2321,4794465.6,1111878.48818,10925,1735718399999
1735718400000,0.2322,0.2338,0.2266,0.2325,9700731.5,2228854.04096,15229,1735732799999
1735732800000,0.2324,0.2393,0.2310,0.2379,9849982.4,2303987.01847,16482,1735747199999
1735747200000,0.2378,0.2429,0.2341,0.2415,12623251.0,3006705.25543,19990,1735761599999
1735761600000,0.2415,0.2436,0.2411,0.2422,5599186.9,1356618.40976,13534,1735775999999
1735776000000,0.2422,0.2476,0.2415,0.2446,13340449.5,3259285.33456,19309,1735790399999
1735790400000,0.2445,0.2472,0.2423,0.2454,8502853.7,2081706.68907,15663,1735804799999
1735804800000,0.2454,0.2471,0.2437,0.2466,9664252.4,2373366.75618,17608,1735819199999
1735819200000,0.2466,0.2507,0.2446,0.2467,12352396.2,3051907.59313,23134,1735833599999
1735833600000,0.2466,0.2499,0.2454,0.2461,6905558.8,1709103.73468,13872,1735847999999
1735848000000,0.2462,0.2484,0.2437,0.2482,6981835.3,1717526.69187,13085,1735862399999
1735862400000,0.2483,0.2498,0.2438,0.2473,8827280.2,2177081.70205,14290,1735876799999
1735876800000,0.2474,0.2476,0.2437,0.2460,6307658.8,1548863.28762,12002,1735891199999
1735891200000,0.2460,0.2570,0.2447,0.2566,12018182.6,3023823.42239,20017,1735905599999
1735905600000,0.2565,0.2595,0.2533,0.2590,11533157.9,2952422.06351,21852,1735919999999
1735920000000,0.2590,0.2623,0.2584,0.2600,8839944.0,2302055.17618,16681,1735934399999
1735934400000,0.2600,0.2605,0.2578,0.2588,6169567.4,1599832.64533,12247,1735948799999
1735948800000,0.2587,0.2609,0.2545,0.2605,9904280.9,2558539.23879,16444,1735963199999
1735963200000,0.2607,0.2643,0.2588,0.2628,8801738.5,2302861.18481,15910,1735977599999
1735977600000,0.2629,0.2631,0.2563,0.2576,6611479.4,1710398.08091,12017,1735991999999
1735992000000,0.2576,0.2631,0.2551,0.2564,9460110.2,2451711.82733,17386,1736006399999
1736006400000,0.2563,0.2587,0.2552,0.2579,5947789.2,1529120.47539,11535,1736020799999
1736020800000,0.2578,0.2591,0.2568,0.2575,3475691.9,896708.70105,8628,1736035199999
1736035200000,0.2576,0.2578,0.2531,0.2569,10539189.5,2688884.86371,14468,1736049599999
1736049600000,0.2569,0.2762,0.2566,0.2664,65311680.3,17415617.56367,87670,1736063999999
1736064000000,0.2665,0.2665,0.2588,0.2597,19931980.4,5215776.34479,30965,1736078399999
1736078400000,0.2596,0.2745,0.2586,0.2667,89482850.6,24040088.95589,94161,1736092799999
1736092800000,0.2667,0.2745,0.2644,0.2741,23908031.0,6433243.50944,34007,1736107199999
1736107200000,0.2741,0.2761,0.2692,0.2698,16407071.3,4462496.54758,27286,1736121599999
1736121600000,0.2698,0.2704,0.2611,0.2667,23653067.4,6293244.47297,32166,1736135999999
1736136000000,0.2668,0.2846,0.2664,0.2775,67185572.5,18651799.16137,83809,1736150399999
1736150400000,0.2775,0.2832,0.2727,0.2810,28867828.7,7992675.24911,46945,1736164799999
1736164800000,0.2811,0.2902,0.2750,0.2832,68105798.7,19250109.46738,90033,1736179199999
1736179200000,0.2833,0.2866,0.2810,0.2814,17783654.3,5042577.91658,36096,1736193599999
1736193600000,0.2814,0.2822,0.2763,0.2818,12209055.0,3409888.44513,25873,1736207999999
1736208000000,0.2817,0.2818,0.2751,0.2760,16853654.1,4691000.29784,33347,1736222399999
1736222400000,0.2760,0.2819,0.2742,0.2772,14593470.4,4055418.86734,27071,1736236799999
1736236800000,0.2772,0.2787,0.2703,0.2724,13135899.9,3611213.95405,27497,1736251199999
1736251200000,0.2724,0.2765,0.2583,0.2609,38185024.8,10212535.17521,57020,1736265599999
1736265600000,0.2609,0.2633,0.2535,0.2546,16177654.2,4184053.29092,30298,1736279999999
1736280000000,0.2546,0.2569,0.2504,0.2531,14002893.8,3551557.05150,26880,1736294399999
1736294400000,0.2532,0.2567,0.2442,0.2456,22471417.3,5624245.12248,37318,1736308799999
1736308800000,0.2456,0.2458,0.2338,0.2399,21700719.0,5203151.55601,34566,1736323199999
1736323200000,0.2398,0.2441,0.2373,0.2389,11157189.0,2687916.25727,20788,1736337599999
1736337600000,0.2389,0.2537,0.2363,0.2460,95468954.5,23377709.72809,84378,1736351999999
1736352000000,0.2461,0.2472,0.2323,0.2413,30210968.2,7245907.42067,51471,1736366399999
1736366400000,0.2414,0.2482,0.2401,0.2465,11205955.6,2741941.56565,22748,1736380799999
1736380800000,0.2465,0.2539,0.2447,0.2502,22775599.0,5689976.21486,37042,1736395199999
1736395200000,0.2501,0.2522,0.2405,0.2412,15195215.0,3763653.53493,29552,1736409599999
1736409600000,0.2413,0.2571,0.2407,0.2540,21764513.1,5432535.84210,33395,1736423999999
1736424000000,0.2539,0.2557,0.2426,0.2523,29026544.4,7238477.01935,40800,1736438399999
1736438400000,0.2522,0.2549,0.2391,0.2400,19412212.4,4803938.74211,30136,1736452799999
1736452800000,0.2400,0.2476,0.2369,0.2468,16904297.8,4077750.47389,30119,1736467199999
1736467200000,0.2467,0.2467,0.2364,0.2409,20500744.7,4930169.09007,30479,1736481599999
1736481600000,0.2409,0.2471,0.2385,0.2455,23521191.9,5705712.50196,28327,1736495999999
1736496000000,0.2455,0.2487,0.2433,0.2487,10505535.7,2579082.29824,19935,1736510399999
1736510400000,0.2487,0.2505,0.2386,0.2468,33488893.4,8201589.17807,44248,1736524799999
1736524800000,0.2469,0.2574,0.2417,0.2570,23262459.3,5826204.37722,35743,1736539199999
1736539200000,0.2570,0.2575,0.2515,0.2541,10817351.6,2756485.78614,22793,1736553599999
1736553600000,0.2542,0.2593,0.2516,0.2555,18362562.2,4685309.54411,33508,1736567999999
1736568000000,0.2556,0.2598,0.2476,0.2485,31890774.8,8109902.72593,38842,1736582399999
1736582400000,0.2485,0.2502,0.2450,0.2481,12123138.2,3002747.00301,21166,1736596799999
1736596800000,0.2481,0.2523,0.2462,0.2477,9901926.1,2462676.50381,17105,1736611199999
1736611200000,0.2477,0.2510,0.2450,0.2458,7730995.7,1915448.29901,15111,1736625599999
1736625600000,0.2459,0.2564,0.2456,0.2505,12552905.8,3168723.17149,22102,1736639999999
1736640000000,0.2506,0.2508,0.2472,0.2497,9363514.7,2330948.53694,18932,1736654399999
1736654400000,0.2498,0.2564,0.2464,0.2486,19566202.4,4923194.19194,27918,1736668799999
1736668800000,0.2486,0.2493,0.2442,0.2456,11101816.3,2734382.85648,20618,1736683199999
1736683200000,0.2456,0.2490,0.2445,0.2480,11000365.2,2714378.84707,20647,1736697599999
1736697600000,0.2481,0.2512,0.2456,0.2503,13182235.1,3274438.30514,22411,1736711999999
1736712000000,0.2502,0.2506,0.2421,0.2465,10987418.1,2701102.77907,18029,1736726399999
1736726400000,0.2465,0.2560,0.2364,0.2379,29382566.5,7277117.52408,46469,1736740799999
1736740800000,0.2379,0.2433,0.2355,0.2368,17439715.3,4172981.64594,30050,1736755199999
1736755200000,0.2368,0.2368,0.2231,0.2232,27262009.5,6271072.14741,38868,1736769599999
1736769600000,0.2233,0.2334,0.2197,0.2315,32454015.7,7351503.83654,41126,1736783999999
1736784000000,0.2315,0.2323,0.2238,0.2279,18690138.7,4265155.61029,29275,1736798399999
1736798400000,0.2278,0.2410,0.2260,0.2374,12806460.4,3017194.09820,23618,1736812799999
1736812800000,0.2374,0.2400,0.2342,0.2365,7897924.6,1870148.81152,16682,1736827199999
1736827200000,0.2366,0.2407,0.2366,0.2378,7612540.6,1815610.81948,16034,1736841599999
1736841600000,0.2377,0.2451,0.2377,0.2419,12114862.2,2932324.06380,21406,1736855999999
1736856000000,0.2420,0.2438,0.2381,0.2415,18493396.0,4464217.42904,29984,1736870399999
1736870400000,0.2415,0.2447,0.2388,0.2427,10144609.4,2455845.28865,20866,1736884799999
1736884800000,0.2428,0.2496,0.2415,0.2491,8364479.9,2056026.62735,17169,1736899199999
1736899200000,0.2491,0.2496,0.2435,0.2455,10616074.6,2620301.72227,19521,1736913599999
1736913600000,0.2456,0.2480,0.2429,0.2458,5509423.3,1351092.53097,12255,1736927999999
1736928000000,0.2458,0.2486,0.2376,0.2395,11001500.8,2666734.86300,19618,1736942399999
1736942400000,0.2395,0.2565,0.2377,0.2546,24816780.2,6163945.71246,40828,1736956799999
1736956800000,0.2547,0.2566,0.2506,0.2556,8640193.6,2196275.69665,20825,1736971199999
1736971200000,0.2556,0.2597,0.2546,0.2591,9358263.7,2401243.47918,18434,1736985599999
1736985600000,0.2591,0.2595,0.2520,0.2545,9810665.2,2504408.64618,22343,1736999999999
1737000000000,0.2544,0.2551,0.2522,0.2537,5779312.6,1467032.52147,13791,1737014399999
1737014400000,0.2537,0.2546,0.2476,0.2535,11437817.1,2865913.01205,20721,1737028799999
1737028800000,0.2535,0.2600,0.2490,0.2570,26714233.1,6792598.24777,40533,1737043199999
1737043200000,0.2569,0.2615,0.2565,0.2614,13098002.5,3391884.55332,22297,1737057599999
1737057600000,0.2614,0.2623,0.2514,0.2534,7600585.2,1952742.06599,16036,1737071999999
1737072000000,0.2534,0.2633,0.2532,0.2604,13651074.2,3521814.65998,20831,1737086399999
1737086400000,0.2604,0.2623,0.2584,0.2586,8804870.6,2292673.63864,14696,1737100799999
1737100800000,0.2586,0.2616,0.2572,0.2603,10296816.7,2672234.69867,18835,1737115199999
1737115200000,0.2603,0.2624,0.2580,0.2600,10915286.6,2837744.89373,21713,1737129599999
1737129600000,0.2601,0.2636,0.2589,0.2612,7822713.7,2043892.77999,15351,1737143999999
1737144000000,0.2612,0.2663,0.2611,0.2640,7922047.4,2094463.90948,15387,1737158399999
1737158400000,0.2640,0.2706,0.2556,0.2564,15036981.7,3973617.58932,27525,1737172799999
1737172800000,0.2565,0.2579,0.2462,0.2468,20042581.9,5031312.03547,27467,1737187199999
1737187200000,0.2469,0.2500,0.2432,0.2495,12235127.1,3015378.32451,19799,1737201599999
1737201600000,0.2494,0.2517,0.2450,0.2464,10557294.5,2624778.96532,17848,1737215999999
1737216000000,0.2464,0.2476,0.2401,0.2442,17543091.2,4281882.55376,27603,1737230399999
1737230400000,0.2442,0.2496,0.2415,0.2489,7101241.9,1739636.83220,15047,1737244799999
1737244800000,0.2490,0.2565,0.2474,0.2509,10474257.0,2632969.77929,21713,1737259199999
1737259200000,0.2509,0.2511,0.2412,0.2418,11688001.5,2878944.68301,22068,1737273599999
1737273600000,0.2416,0.2416,0.2269,0.2284,30714180.9,7160922.22403,37681,1737287999999
1737288000000,0.2285,0.2512,0.2281,0.2480,38452378.2,9233036.26237,40365,1737302399999
1737302400000,0.2480,0.2503,0.2447,0.2474,9098897.4,2252884.99105,19168,1737316799999
1737316800000,0.2475,0.2493,0.2218,0.2263,64891864.6,15022681.73193,67872,1737331199999
1737331200000,0.2262,0.2316,0.2190,0.2301,50990547.4,11418723.02561,47811,1737345599999
1737345600000,0.2301,0.2524,0.2258,0.2465,54528384.8,13106504.15894,52630,1737359999999
1737360000000,0.2465,0.2489,0.2397,0.2439,13918894.8,3399157.21776,22670,1737374399999
1737374400000,0.2438,0.2441,0.2330,0.2365,24618792.5,5840830.03669,37649,1737388799999
1737388800000,0.2366,0.2402,0.2245,0.2349,38006941.7,8848995.60409,55183,1737403199999
1737403200000,0.2348,0.2364,0.2279,0.2317,9936780.5,2312979.22560,21498,1737417599999
1737417600000,0.2317,0.2328,0.2242,0.2266,16393711.0,3739183.57597,31489,1737431999999
1737432000000,0.2266,0.2293,0.2222,0.2278,7589000.0,1711835.14812,21912,1737446399999
1737446400000,0.2279,0.2339,0.2255,0.2332,11295931.6,2605318.41726,21872,1737460799999
1737460800000,0.2334,0.2381,0.2321,0.2360,12051498.7,2830607.03367,25530,1737475199999
1737475200000,0.2359,0.2464,0.2351,0.2427,9033213.0,2180226.78660,21151,1737489599999
1737489600000,0.2426,0.2436,0.2385,0.2394,7306700.7,1760949.62974,16585,1737503999999
1737504000000,0.2394,0.2408,0.2353,0.2366,7048471.8,1677638.87564,16883,1737518399999
1737518400000,0.2367,0.2378,0.2348,0.2356,7133563.6,1685767.43947,13244,1737532799999
1737532800000,0.2357,0.2388,0.2333,0.2382,5231591.3,1234963.41373,12065,1737547199999
1737547200000,0.2383,0.2398,0.2328,0.2341,7460217.4,1760178.53487,17022,1737561599999
1737561600000,0.2342,0.2387,0.2326,0.2343,7368820.0,1734575.01322,17661,1737575999999
1737576000000,0.2344,0.2350,0.2290,0.2303,7567366.1,1759166.14082,15910,1737590399999
1737590400000,0.2304,0.2309,0.2259,0.2269,6881946.3,1571962.78666,16043,1737604799999
1737604800000,0.2268,0.2283,0.2248,0.2281,7961427.1,1804346.51043,14930,1737619199999
1737619200000,0.2281,0.2286,0.2232,0.2246,5249101.1,1184219.33978,13417,1737633599999
1737633600000,0.2246,0.2300,0.2211,0.2293,16899055.5,3814727.79236,27049,1737647999999
1737648000000,0.2293,0.2331,0.2208,0.2215,13689452.6,3106660.83632,21099,1737662399999
1737662400000,0.2214,0.2318,0.2209,0.2297,28961452.5,6542494.23074,39282,1737676799999
1737676800000,0.2296,0.2311,0.2212,0.2238,12263924.1,2760395.68182,21703,1737691199999
1737691200000,0.2238,0.2320,0.2229,0.2301,12811581.9,2935359.85851,17277,1737705599999
1737705600000,0.2300,0.2337,0.2292,0.2310,7402447.0,1714696.67417,13089,1737719999999
1737720000000,0.2311,0.2378,0.2303,0.2343,18684837.4,4386158.93046,25425,1737734399999
1737734400000,0.2343,0.2344,0.2303,0.2307,7853566.7,1825023.82230,16396,1737748799999
1737748800000,0.2307,0.2314,0.2238,0.2246,8398793.1,1902137.68749,17349,1737763199999
1737763200000,0.2246,0.2296,0.2217,0.2291,11422796.6,2567319.71796,19338,1737777599999
1737777600000,0.2291,0.2292,0.2226,0.2237,9001596.7,2026477.83870,15738,1737791999999
1737792000000,0.2237,0.2254,0.2221,0.2244,6183681.9,1382903.48778,12978,1737806399999
1737806400000,0.2244,0.2274,0.2230,0.2263,5922884.0,1331566.87592,12800,1737820799999
1737820800000,0.2262,0.2295,0.2257,0.2294,7021307.5,1596725.83004,12333,1737835199999
1737835200000,0.2294,0.2320,0.2285,0.2290,5507515.9,1267190.69286,11226,1737849599999
1737849600000,0.2291,0.2361,0.2274,0.2349,9710674.9,2255275.14143,15733,1737863999999
1737864000000,0.2349,0.2434,0.2345,0.2403,12430762.9,2977815.89120,20111,1737878399999
1737878400000,0.2403,0.2414,0.2356,0.2384,8235986.6,1956877.29393,16999,1737892799999
1737892800000,0.2384,0.2387,0.2352,0.2358,7130342.4,1688418.29958,14231,1737907199999
1737907200000,0.2358,0.2374,0.2336,0.2369,5446888.2,1282131.62329,11060,1737921599999
1737921600000,0.2368,0.2372,0.2255,0.2259,8529137.4,1967376.81012,17248,1737935999999
1737936000000,0.2258,0.2273,0.2179,0.2201,18064518.3,4008846.28765,31434,1737950399999
1737950400000,0.2201,0.2201,0.2063,0.2123,24268260.9,5166495.73274,35370,1737964799999
1737964800000,0.2122,0.2147,0.2081,0.2101,12746727.8,2697785.84965,24436,1737979199999
1737979200000,0.2101,0.2208,0.2088,0.2191,17450839.3,3774682.51927,28569,1737993599999
1737993600000,0.2191,0.2198,0.2156,0.2186,10508407.6,2286987.06360,20468,1738007999999
1738008000000,0.2186,0.2278,0.2185,0.2252,8508137.9,1909438.85185,16435,1738022399999
1738022400000,0.2253,0.2274,0.2224,0.2253,6261831.4,1405168.43501,14146,1738036799999
1738036800000,0.2252,0.2265,0.2209,0.2216,6613113.7,1478005.02076,14196,1738051199999
1738051200000,0.2216,0.2224,0.2184,0.2193,5834973.7,1284725.36352,10305,1738065599999
1738065600000,0.2192,0.2233,0.2171,0.2212,6858701.7,1507011.84643,13867,1738079999999
1738080000000,0.2213,0.2215,0.2155,0.2160,6409280.1,1400848.42205,13186,1738094399999
1738094400000,0.2160,0.2165,0.2045,0.2072,19149537.8,3991033.28126,25019,1738108799999
1738108800000,0.2072,0.2125,0.2065,0.2120,7359271.2,1541538.36007,14869,1738123199999
1738123200000,0.2121,0.2150,0.2107,0.2148,6202562.2,1315278.40077,11404,1738137599999
1738137600000,0.2148,0.2152,0.2097,0.2126,4782782.4,1015705.50477,9855,1738151999999
1738152000000,0.2126,0.2127,0.2065,0.2087,6332232.5,1323469.21188,13681,1738166399999
1738166400000,0.2087,0.2157,0.2056,0.2140,12465339.6,2623522.81983,24666,1738180799999
1738180800000,0.2140,0.2195,0.2117,0.2129,10109891.0,2184689.63799,20641,1738195199999
1738195200000,0.2129,0.2190,0.2111,0.2190,5064700.5,1090314.64047,13643,1738209599999
1738209600000,0.2189,0.2203,0.2179,0.2195,4195230.4,919418.30868,9598,1738223999999
1738224000000,0.2196,0.2211,0.2178,0.2203,4038378.9,886796.20685,9921,1738238399999
1738238400000,0.2202,0.2269,0.2181,0.2261,8270086.0,1847403.63543,16857,1738252799999
1738252800000,0.2261,0.2276,0.2239,0.2253,5481625.8,1236649.48088,15047,1738267199999
1738267200000,0.2253,0.2256,0.2227,0.2228,3521774.1,789508.20242,10804,1738281599999
1738281600000,0.2228,0.2241,0.2173,0.2185,5149523.1,1134928.91160,10943,1738295999999
1738296000000,0.2186,0.2228,0.2172,0.2210,5497354.1,1207342.78372,10240,1738310399999
1738310400000,0.2209,0.2255,0.2196,0.2250,4143194.6,921520.62709,10290,1738324799999
1738324800000,0.2251,0.2329,0.2243,0.2325,12169352.9,2781377.46063,23458,1738339199999
1738339200000,0.2324,0.2330,0.2224,0.2231,9648579.8,2187960.98580,19648,1738353599999
1738353600000,0.2230,0.2235,0.2200,0.2214,5834581.4,1293792.02594,14284,1738367999999
1738368000000,0.2214,0.2268,0.2204,0.2253,10748024.5,2405885.96173,18619,1738382399999
1738382400000,0.2254,0.2270,0.2215,0.2217,6799196.5,1529313.85225,13952,1738396799999
1738396800000,0.2219,0.2228,0.2186,0.2220,6699834.7,1479649.72953,15219,1738411199999
1738411200000,0.2219,0.2224,0.2174,0.2199,5937373.5,1307884.36936,14147,1738425599999
1738425600000,0.2200,0.2215,0.2151,0.2160,5851399.0,1279699.34924,15992,1738439999999
1738440000000,0.2160,0.2160,0.2078,0.2091,8883785.1,1886944.38873,21189,1738454399999
1738454400000,0.2091,0.2148,0.2032,0.2035,12204536.4,2544662.25122,25103,1738468799999
1738468800000,0.2035,0.2076,0.2029,0.2046,7510359.6,1541266.74582,18819,1738483199999
1738483200000,0.2047,0.2079,0.2002,0.2007,6791496.8,1388935.89007,16031,1738497599999
1738497600000,0.2006,0.2053,0.2003,0.2032,8439095.2,1711694.12816,15675,1738511999999
1738512000000,0.2032,0.2032,0.1844,0.1930,32750121.7,6283236.69242,46412,1738526399999
1738526400000,0.1929,0.1942,0.1758,0.1876,24154744.1,4472177.96256,32703,1738540799999
1738540800000,0.1876,0.1876,0.1406,0.1645,79402687.1,13121972.43312,75478,1738555199999
1738555200000,0.1644,0.1757,0.1579,0.1752,22339348.4,3699499.16059,26776,1738569599999
1738569600000,0.1751,0.1802,0.1702,0.1749,24875606.4,4347358.19531,29126,1738583999999
1738584000000,0.1749,0.1852,0.1666,0.1830,39362503.7,6896164.91994,42285,1738598399999
1738598400000,0.1830,0.1894,0.1818,0.1891,15730460.9,2902329.81322,23530,1738612799999
1738612800000,0.1890,0.1934,0.1847,0.1913,10810094.5,2047041.56257,19499,1738627199999
1738627200000,0.1914,0.1942,0.1842,0.1854,9309225.0,1762108.53555,16747,1738641599999
1738641600000,0.1853,0.1875,0.1726,0.1736,19835758.2,3540414.97083,30056,1738655999999
1738656000000,0.1735,0.1822,0.1728,0.1802,13444844.6,2377372.45717,20949,1738670399999
1738670400000,0.1802,0.1880,0.1802,0.1844,16808933.3,3097321.06035,29411,1738684799999
1738684800000,0.1845,0.1893,0.1818,0.1818,10593935.1,1964773.02934,19711,1738699199999
1738699200000,0.1818,0.1850,0.1766,0.1831,19091487.9,3444908.82008,30309,1738713599999
1738713600000,0.1831,0.1837,0.1784,0.1811,10024448.3,1814748.89581,15949,1738727999999
1738728000000,0.1812,0.1840,0.1800,0.1829,5948840.6,1082199.04707,12760,1738742399999
1738742400000,0.1828,0.1848,0.1807,0.1832,6999811.1,1278748.96437,11587,1738756799999
1738756800000,0.1832,0.1846,0.1793,0.1814,7146550.6,1306900.60366,15441,1738771199999
1738771200000,0.1813,0.1819,0.1752,0.1795,8280517.2,1473889.24945,18114,1738785599999
1738785600000,0.1796,0.1804,0.1752,0.1781,4870585.7,865919.66538,12153,1738799999999
1738800000000,0.1780,0.1802,0.1761,0.1789,4603850.6,821280.28567,12404,1738814399999
1738814400000,0.1789,0.1805,0.1779,0.1785,4453089.3,797865.84145,9941,1738828799999
1738828800000,0.1786,0.1795,0.1753,0.1770,4158708.2,738645.22486,12411,1738843199999
1738843200000,0.1770,0.1771,0.1674,0.1686,9934340.8,1712431.63243,22912,1738857599999
1738857600000,0.1686,0.1710,0.1672,0.1681,7622092.9,1286090.47522,15463,1738871999999
1738872000000,0.1681,0.1715,0.1672,0.1687,5157222.6,873953.95950,12061,1738886399999
1738886400000,0.1687,0.1736,0.1685,0.1721,5702183.4,976312.86956,11780,1738900799999
1738900800000,0.1722,0.1732,0.1679,0.1706,5727398.5,978143.53343,11283,1738915199999
1738915200000,0.1706,0.1749,0.1696,0.1748,4811348.1,831331.72598,10316,1738929599999
1738929600000,0.1747,0.1802,0.1732,0.1771,12684208.1,2239858.57142,20237,1738943999999
1738944000000,0.1771,0.1772,0.1723,0.1744,7289323.0,1274912.47619,16607,1738958399999
1738958400000,0.1744,0.1745,0.1656,0.1716,8315883.9,1409384.85164,20476,1738972799999
1738972800000,0.1715,0.1731,0.1692,0.1703,3776152.5,646141.17456,9859,1738987199999
1738987200000,0.1703,0.1723,0.1689,0.1712,3115067.8,530181.23241,8245,1739001599999
1739001600000,0.1714,0.1717,0.1691,0.1707,3652374.5,621814.60641,8481,1739015999999
1739016000000,0.1706,0.1738,0.1694,0.1725,3900247.6,669274.10367,9427,1739030399999
1739030400000,0.1725,0.1786,0.1713,0.1781,4477479.0,785724.24566,11898,1739044799999
1739044800000,0.1780,0.1807,0.1773,0.1800,4073334.0,727979.18702,10814,1739059199999
1739059200000,0.1801,0.1824,0.1786,0.1818,4987719.3,898135.73204,12029,1739073599999
1739073600000,0.1817,0.1818,0.1785,0.1815,5026860.9,905902.46674,11228,1739087999999
1739088000000,0.1816,0.1833,0.1811,0.1819,4540746.4,827396.20840,10799,1739102399999
1739102400000,0.1819,0.1824,0.1765,0.1788,5789381.9,1035754.81924,12871,1739116799999
1739116800000,0.1788,0.1801,0.1744,0.1747,3341585.4,592835.33088,10227,1739131199999
1739131200000,0.1748,0.1771,0.1682,0.1767,7533360.7,1301521.14290,16014,1739145599999
1739145600000,0.1766,0.1794,0.1709,0.1749,8969780.2,1568152.73164,16783,1739159999999
1739160000000,0.1749,0.1797,0.1741,0.1781,4985579.0,883873.99424,11006,1739174399999
1739174400000,0.1781,0.1806,0.1778,0.1799,3258427.6,585501.87087,9646,1739188799999
1739188800000,0.1798,0.1822,0.1780,0.1794,5306733.5,955394.54127,13678,1739203199999
1739203200000,0.1795,0.1842,0.1792,0.1835,5105019.4,928797.15308,13771,1739217599999
1739217600000,0.1835,0.1853,0.1833,0.1845,4145156.8,763430.80280,10826,1739231999999
1739232000000,0.1845,0.1863,0.1840,0.1858,4650110.0,861405.87025,11246,1739246399999
1739246400000,0.1859,0.1924,0.1853,0.1902,5168053.9,979222.85072,11162,1739260799999
1739260800000,0.1902,0.1917,0.1867,0.1884,4413146.3,832899.46288,11005,1739275199999
1739275200000,0.1884,0.1885,0.1808,0.1822,7133871.1,1310019.49039,15859,1739289599999
1739289600000,0.1823,0.1833,0.1765,0.1771,5554761.6,998469.87714,14448,1739303999999
1739304000000,0.1772,0.1808,0.1767,0.1798,4357703.8,778966.29197,10833,1739318399999
1739318400000,0.1797,0.1822,0.1782,0.1804,5768022.5,1040656.16781,12230,1739332799999
1739332800000,0.1804,0.1840,0.1792,0.1803,14938903.3,2711256.59023,18825,1739347199999
1739347200000,0.1804,0.1833,0.1801,0.1822,4723955.2,858261.60433,10150,1739361599999
1739361600000,0.1822,0.1866,0.1768,0.1843,18636063.8,3373535.99152,27132,1739375999999
1739376000000,0.1843,0.1908,0.1832,0.1881,9648704.0,1808938.51689,17489,1739390399999
1739390400000,0.1881,0.1935,0.1877,0.1919,5793344.6,1102798.24614,12586,1739404799999
1739404800000,0.1919,0.1932,0.1900,0.1924,4853961.6,929512.52284,12801,1739419199999
1739419200000,0.1925,0.1927,0.1847,0.1849,4969207.9,934798.95152,11806,1739433599999
1739433600000,0.1848,0.1855,0.1826,0.1840,5538230.3,1019760.49449,11771,1739447999999
1739448000000,0.1841,0.1868,0.1823,0.1843,8783906.4,1621169.06809,17554,1739462399999
1739462400000,0.1842,0.1861,0.1816,0.1846,4504745.7,826000.84133,13838,1739476799999
1739476800000,0.1846,0.1877,0.1845,0.1871,4011670.6,746428.06049,10004,1739491199999
1739491200000,0.1872,0.1914,0.1864,0.1912,4510913.6,851406.08047,9532,1739505599999
1739505600000,0.1912,0.1918,0.1880,0.1882,4418331.4,839151.31452,9118,1739519999999
1739520000000,0.1881,0.1915,0.1878,0.1895,5655997.3,1074489.00451,12238,1739534399999
1739534400000,0.1895,0.1930,0.1877,0.1914,5790179.1,1099058.47424,13100,1739548799999
1739548800000,0.1915,0.1945,0.1886,0.1919,5779052.2,1108867.72811,13999,1739563199999
1739563200000,0.1919,0.1921,0.1881,0.1895,4269815.1,811871.93884,13501,1739577599999
1739577600000,0.1895,0.1898,0.1871,0.1883,4549369.1,857359.73704,11629,1739591999999
1739592000000,0.1883,0.1900,0.1867,0.1875,4133703.3,779502.70680,10181,1739606399999
1739606400000,0.1876,0.1893,0.1861,0.1871,3683205.7,691902.07006,10563,1739620799999
1739620800000,0.1872,0.1883,0.1839,0.1855,4822064.2,897555.36780,10491,1739635199999
1739635200000,0.1855,0.1868,0.1842,0.1845,4646004.9,861686.71841,10129,1739649599999
1739649600000,0.1846,0.1850,0.1827,0.1834,3538602.3,650598.10020,8596,1739663999999
1739664000000,0.1835,0.1848,0.1802,0.1812,4464169.0,814609.33617,9168,1739678399999
1739678400000,0.1813,0.1835,0.1801,0.1821,5898517.0,1071247.73500,10845,1739692799999
1739692800000,0.1820,0.1884,0.1812,0.1881,14390906.0,2674765.49346,19249,1739707199999
1739707200000,0.1881,0.1886,0.1832,0.1870,7344755.5,1368354.86278,14322,1739721599999
1739721600000,0.1869,0.1883,0.1841,0.1860,4757112.8,886579.81467,14777,1739735999999
1739736000000,0.1859,0.1867,0.1842,0.1857,4166197.8,772378.30893,10765,1739750399999
1739750400000,0.1857,0.1880,0.1849,0.1864,4215928.8,786253.44174,9738,1739764799999
1739764800000,0.1863,0.1867,0.1817,0.1848,11690446.0,2161393.37609,16708,1739779199999
1739779200000,0.1848,0.1895,0.1837,0.1886,7591753.3,1422588.78145,14650,1739793599999
1739793600000,0.1886,0.1901,0.1848,0.1852,5791919.4,1090083.18314,14371,1739807999999
1739808000000,0.1852,0.1863,0.1806,0.1824,6401309.9,1172814.55403,17328,1739822399999
1739822400000,0.1824,0.1862,0.1822,0.1850,3838879.2,708698.26179,9450,1739836799999
1739836800000,0.1851,0.1868,0.1833,0.1860,6557605.0,1215345.31227,13225,1739851199999
1739851200000,0.1860,0.1860,0.1758,0.1767,8503231.6,1528108.60122,18101,1739865599999
1739865600000,0.1767,0.1787,0.1751,0.1779,6342493.3,1124858.46194,13835,1739879999999
1739880000000,0.1779,0.1806,0.1724,0.1732,7481947.5,1325810.50113,17533,1739894399999
1739894400000,0.1732,0.1744,0.1702,0.1722,8138778.9,1402055.42889,15789,1739908799999
1739908800000,0.1722,0.1761,0.1710,0.1761,5484513.7,952316.70136,10864,1739923199999
1739923200000,0.1760,0.1799,0.1755,0.1792,10254999.8,1825957.52376,14766,1739937599999
1739937600000,0.1791,0.1808,0.1753,0.1798,7266540.3,1292652.42707,12207,1739951999999
1739952000000,0.1797,0.1812,0.1790,0.1810,5554799.3,1000926.65783,10808,1739966399999
1739966400000,0.1810,0.1818,0.1770,0.1773,6984559.4,1254683.14584,14065,1739980799999
1739980800000,0.1773,0.1788,0.1751,0.1767,5978530.5,1059059.78350,12014,1739995199999
1739995200000,0.1767,0.1780,0.1745,0.1769,12523253.8,2206032.15509,16572,1740009599999
1740009600000,0.1769,0.1809,0.1754,0.1804,10238100.7,1818606.76068,14442,1740023999999
1740024000000,0.1805,0.1837,0.1796,0.1801,6609944.3,1201311.00968,11368,1740038399999
1740038400000,0.1801,0.1821,0.1792,0.1816,3686740.6,666065.96376,12920,1740052799999
1740052800000,0.1815,0.1842,0.1807,0.1815,7379706.0,1346505.14841,17613,1740067199999
1740067200000,0.1815,0.1876,0.1812,0.1872,5923154.3,1096989.53706,13045,1740081599999
1740081600000,0.1873,0.1875,0.1855,0.1865,3784977.6,706507.37988,8560,1740095999999
1740096000000,0.1864,0.1875,0.1825,0.1828,5813387.3,1072248.95184,11273,1740110399999
1740110400000,0.1829,0.1854,0.1826,0.1847,4065725.8,747241.57160,8692,1740124799999
1740124800000,0.1848,0.1893,0.1842,0.1884,4929101.7,922564.34420,11219,1740139199999
1740139200000,0.1883,0.1907,0.1821,0.1850,9722343.0,1818060.32569,19016,1740153599999
1740153600000,0.1850,0.1876,0.1760,0.1768,10683348.0,1949215.99215,18310,1740167999999
1740168000000,0.1768,0.1800,0.1764,0.1787,5552939.1,988899.79028,9771,1740182399999
1740182400000,0.1786,0.1825,0.1774,0.1822,4704780.3,846814.77342,10379,1740196799999
1740196800000,0.1821,0.1849,0.1816,0.1835,6192249.1,1134599.99143,11099,1740211199999
1740211200000,0.1835,0.1858,0.1828,0.1854,5356020.2,987074.24533,8611,1740225599999
1740225600000,0.1855,0.1863,0.1834,0.1848,4506030.0,833278.38910,6747,1740239999999
1740240000000,0.1849,0.1864,0.1845,0.1847,4310615.7,799511.49487,7632,1740254399999
1740254400000,0.1847,0.1848,0.1825,0.1838,4131189.0,758452.55309,7045,1740268799999
1740268800000,0.1837,0.1849,0.1823,0.1840,3865411.8,709060.56248,7189,1740283199999
1740283200000,0.1839,0.1867,0.1826,0.1865,2983758.5,549788.19772,6829,1740297599999
1740297600000,0.1865,0.1877,0.1834,0.1838,5237718.1,970525.85349,8505,1740311999999
1740312000000,0.1838,0.1848,0.1814,0.1817,6040533.1,1106856.62382,10653,1740326399999
1740326400000,0.1817,0.1854,0.1816,0.1826,8708916.7,1601375.88107,10262,1740340799999
1740340800000,0.1826,0.1860,0.1821,0.1839,5506495.1,1012146.73172,9438,1740355199999
1740355200000,0.1840,0.1850,0.1768,0.1769,7824110.8,1415114.12954,12694,1740369599999
1740369600000,0.1768,0.1781,0.1753,0.1766,7757812.8,1372777.92185,11260,1740383999999
1740384000000,0.1766,0.1768,0.1725,0.1741,9468462.2,1650306.01829,13913,1740398399999
1740398400000,0.1742,0.1765,0.1707,0.1736,12571869.1,2181644.96617,16455,1740412799999
1740412800000,0.1735,0.1767,0.1711,0.1727,12833626.7,2239349.50702,16504,1740427199999
1740427200000,0.1727,0.1743,0.1606,0.1641,28032219.1,4684457.06186,32454,1740441599999
1740441600000,0.1640,0.1652,0.1596,0.1625,16961559.3,2760568.11667,24366,1740455999999
1740456000000,0.1626,0.1647,0.1550,0.1585,23052946.3,3683789.31940,29650,1740470399999
1740470400000,0.1584,0.1638,0.1553,0.1630,17657878.1,2812428.60697,22383,1740484799999
1740484800000,0.1630,0.1649,0.1597,0.1635,14435757.9,2348359.76748,20380,1740499199999
1740499200000,0.1635,0.1664,0.1623,0.1659,8483884.9,1392696.08031,15252,1740513599999
1740513600000,0.1659,0.1687,0.1651,0.1663,6357797.7,1062147.10922,11652,1740527999999
1740528000000,0.1662,0.1682,0.1645,0.1675,6410381.9,1065931.96020,9881,1740542399999
1740542400000,0.1675,0.1684,0.1648,0.1660,9213830.5,1534585.60833,10882,1740556799999
1740556800000,0.1660,0.1678,0.1645,0.1654,6870113.9,1140467.95545,10036,1740571199999
1740571200000,0.1654,0.1675,0.1597,0.1653,11884519.7,1942989.23626,16618,1740585599999
1740585600000,0.1654,0.1660,0.1572,0.1597,20553045.5,3303644.86604,22632,1740599999999
1740600000000,0.1597,0.1673,0.1583,0.1653,13097759.4,2140608.61279,18293,1740614399999
1740614400000,0.1653,0.1685,0.1640,0.1677,8155298.8,1359044.19842,13116,1740628799999
1740628800000,0.1677,0.1712,0.1663,0.1703,6142357.0,1037229.63615,9739,1740643199999
1740643200000,0.1703,0.1728,0.1693,0.1710,5366397.4,917651.73507,8754,1740657599999
1740657600000,0.1711,0.1713,0.1662,0.1676,8407027.4,1419434.57976,13225,1740671999999
1740672000000,0.1675,0.1685,0.1648,0.1656,5049403.5,841480.33371,9700,1740686399999
1740686400000,0.1656,0.1676,0.1624,0.1675,6166606.3,1016645.76383,11319,1740700799999
1740700800000,0.1675,0.1680,0.1565,0.1570,22880048.5,3699542.30307,28075,1740715199999
1740715200000,0.1570,0.1589,0.1551,0.1570,14359685.9,2254456.62345,22545,1740729599999
1740729600000,0.1570,0.1604,0.1548,0.1586,8528613.7,1348215.28480,15239,1740743999999
1740744000000,0.1586,0.1677,0.1579,0.1666,11129933.6,1813731.58780,17228,1740758399999
1740758400000,0.1667,0.1703,0.1658,0.1686,7629224.2,1281678.00759,14277,1740772799999
1740772800000,0.1686,0.1694,0.1669,0.1675,6078866.5,1021756.50572,11560,1740787199999
1740787200000,0.1676,0.1691,0.1655,0.1674,9635167.2,1613728.91975,12656,1740801599999
1740801600000,0.1674,0.1692,0.1652,0.1657,7817836.4,1308785.78727,10779,1740815999999
1740816000000,0.1657,0.1671,0.1621,0.1623,7608884.3,1252773.51507,10608,1740830399999
1740830400000,0.1624,0.1641,0.1612,0.1634,7701461.7,1252362.40347,12604,1740844799999
1740844800000,0.1634,0.1652,0.1626,0.1642,4757748.2,779152.62991,9387,1740859199999
1740859200000,0.1643,0.1681,0.1634,0.1679,7413338.9,1233213.91542,11415,1740873599999
1740873600000,0.1679,0.1693,0.1654,0.1679,10853637.4,1821246.96519,14997,1740887999999
1740888000000,0.1678,0.1686,0.1653,0.1654,6199254.7,1036745.44262,11472,1740902399999
1740902400000,0.1654,0.1676,0.1647,0.1659,6359153.2,1057231.44548,9226,1740916799999
1740916800000,0.1659,0.1714,0.1622,0.1682,15519079.9,2580701.90478,20371,1740931199999
1740931200000,0.1683,0.1805,0.1682,0.1796,22331204.5,3934167.66609,33684,1740945599999
1740945600000,0.1797,0.1818,0.1790,0.1814,7358565.9,1329261.32640,12299,1740959999999
1740960000000,0.1815,0.1827,0.1741,0.1750,10174983.2,1818166.03816,15016,1740974399999
1740974400000,0.1751,0.1771,0.1696,0.1724,10378041.8,1795902.07551,14239,1740988799999
1740988800000,0.1724,0.1728,0.1680,0.1702,8448480.3,1437919.45030,14669,1741003199999
1741003200000,0.1702,0.1724,0.1658,0.1674,14532931.8,2457353.46069,19137,1741017599999
1741017600000,0.1674,0.1691,0.1557,0.1567,23001899.1,3738624.24374,28882,1741031999999
1741032000000,0.1567,0.1579,0.1538,0.1564,12798907.4,2002931.21873,18626,1741046399999
1741046400000,0.1563,0.1572,0.1452,0.1491,24560954.8,3675141.51046,31273,1741060799999
1741060800000,0.1491,0.1517,0.1486,0.1492,9434629.5,1413184.30158,14762,1741075199999
1741075200000,0.1492,0.1513,0.1485,0.1502,6965938.3,1043211.74928,11584,1741089599999
1741089600000,0.1501,0.1534,0.1457,0.1500,18011700.0,2687396.12201,24525,1741103999999
1741104000000,0.1499,0.1553,0.1436,0.1550,15339393.2,2302008.45955,22508,1741118399999
1741118400000,0.1550,0.1578,0.1533,0.1564,9876519.1,1539241.59973,13285,1741132799999
1741132800000,0.1564,0.1566,0.1528,0.1528,7491137.1,1163401.77047,11589,1741147199999
1741147200000,0.1530,0.1555,0.1525,0.1554,5047841.8,775726.60430,8407,1741161599999
1741161600000,0.1555,0.1625,0.1554,0.1618,10139911.3,1619472.54079,13636,1741175999999
1741176000000,0.1618,0.1620,0.1559,0.1571,10434173.9,1658669.30655,16066,1741190399999
1741190400000,0.1571,0.1620,0.1549,0.1617,7721442.5,1222019.80674,13345,1741204799999
1741204800000,0.1617,0.1635,0.1614,0.1625,6000435.4,973848.79320,9018,1741219199999
1741219200000,0.1625,0.1637,0.1600,0.1628,10439000.9,1693229.95305,13342,1741233599999
1741233600000,0.1627,0.1659,0.1614,0.1619,8092279.1,1323729.43872,12464,1741247999999
1741248000000,0.1619,0.1645,0.1616,0.1638,5584615.3,910591.94720,9794,1741262399999
1741262400000,0.1638,0.1640,0.1586,0.1621,8439982.6,1361496.00370,13508,1741276799999
1741276800000,0.1622,0.1635,0.1583,0.1590,8157706.4,1306296.24593,13949,1741291199999
1741291200000,0.1590,0.1633,0.1589,0.1613,7927803.1,1279611.07984,11329,1741305599999
1741305600000,0.1612,0.1624,0.1533,0.1581,19047296.9,3004245.60854,22234,1741319999999
1741320000000,0.1581,0.1591,0.1569,0.1588,7479436.7,1180491.65574,9522,1741334399999
1741334400000,0.1588,0.1626,0.1577,0.1626,5631854.0,905579.87027,8494,1741348799999
1741348800000,0.1626,0.1650,0.1600,0.1631,9674321.9,1573785.58963,13694,1741363199999
1741363200000,0.1630,0.1654,0.1590,0.1636,7648830.2,1240958.21679,13216,1741377599999
1741377600000,0.1636,0.1646,0.1587,0.1601,7528869.7,1214820.06288,13542,1741391999999
1741392000000,0.1600,0.1614,0.1573,0.1594,4291522.4,682396.32255,7918,1741406399999
1741406400000,0.1594,0.1611,0.1576,0.1581,3125234.3,497796.26400,6287,1741420799999
1741420800000,0.1581,0.1587,0.1546,0.1555,9336302.8,1463954.63901,10712,1741435199999
1741435200000,0.1554,0.1575,0.1550,0.1559,3833769.3,599494.28287,6638,1741449599999
1741449600000,0.1559,0.1592,0.1543,0.1589,5429632.8,852638.97182,8892,1741463999999
1741464000000,0.1588,0.1589,0.1548,0.1563,4124174.6,646814.80172,6643,1741478399999
1741478400000,0.1563,0.1572,0.1537,0.1545,3557789.1,552531.48543,7886,1741492799999
1741492800000,0.1546,0.1547,0.1518,0.1532,5316699.1,814992.62677,7323,1741507199999
1741507200000,0.1533,0.1547,0.1513,0.1520,9379548.2,1438614.65477,9897,1741521599999
1741521600000,0.1520,0.1528,0.1494,0.1505,6252049.5,943139.71206,9351,1741535999999
1741536000000,0.1504,0.1512,0.1456,0.1489,18883614.1,2786342.66269,19978,1741550399999
1741550400000,0.1489,0.1505,0.1458,0.1472,7347416.6,1087807.25228,10794,1741564799999
1741564800000,0.1473,0.1508,0.1453,0.1498,8299307.6,1234029.98703,14901,1741579199999
1741579200000,0.1499,0.1543,0.1498,0.1530,8185410.2,1246633.06376,13486,1741593599999
1741593600000,0.1530,0.1594,0.1503,0.1585,20881628.4,3239780.37858,20827,1741607999999
1741608000000,0.1585,0.1619,0.1498,0.1530,21355403.0,3338672.20039,21680,1741622399999
1741622400000,0.1530,0.1535,0.1414,0.1460,17634141.7,2588009.64524,21168,1741636799999
1741636800000,0.1458,0.1473,0.1426,0.1428,8559936.5,1243127.67877,12131,1741651199999
1741651200000,0.1428,0.1446,0.1345,0.1405,27879784.9,3877727.21055,26813,1741665599999
1741665600000,0.1404,0.1437,0.1400,0.1414,8187456.7,1160710.34181,10806,1741679999999
1741680000000,0.1414,0.1446,0.1408,0.1441,5823559.2,831645.55744,8884,1741694399999
1741694400000,0.1440,0.1471,0.1399,0.1447,15704182.4,2258410.89725,18098,1741708799999
1741708800000,0.1447,0.1498,0.1428,0.1492,9849864.6,1448277.13426,12239,1741723199999
1741723200000,0.1491,0.1495,0.1456,0.1461,5208161.3,770225.95113,8179,1741737599999
1741737600000,0.1461,0.1473,0.1417,0.1419,6452011.7,934299.36512,9113,1741751999999
1741752000000,0.1419,0.1450,0.1408,0.1448,5236683.8,746298.15539,7833,1741766399999
1741766400000,0.1448,0.1486,0.1441,0.1484,7584341.3,1112165.91034,10187,1741780799999
1741780800000,0.1485,0.1524,0.1427,0.1442,11894870.7,1761660.10048,16139,1741795199999
1741795200000,0.1442,0.1476,0.1438,0.1470,7142951.9,1044105.86926,10674,1741809599999
1741809600000,0.1470,0.1492,0.1466,0.1479,6786084.5,1002591.78763,9213,1741823999999
1741824000000,0.1479,0.1487,0.1464,0.1473,6770099.4,998223.38683,10419,1741838399999
1741838400000,0.1473,0.1480,0.1437,0.1449,8164436.2,1187186.91557,9327,1741852799999
1741852800000,0.1448,0.1482,0.1439,0.1473,8041567.4,1180053.72595,10023,1741867199999
1741867200000,0.1474,0.1493,0.1434,0.1437,11203375.0,1640474.43534,15030,1741881599999
1741881600000,0.1437,0.1443,0.1408,0.1420,6297306.7,897739.27004,9730,1741895999999
1741896000000,0.1421,0.1445,0.1402,0.1435,5273110.9,750718.89699,7545,1741910399999
1741910400000,0.1436,0.1464,0.1433,0.1459,5245305.9,762066.14332,8037,1741924799999
1741924800000,0.1459,0.1483,0.1450,0.1475,4485011.5,657260.62930,6359,1741939199999
1741939200000,0.1475,0.1492,0.1472,0.1474,5228451.1,773546.97960,9898,1741953599999
1741953600000,0.1474,0.1511,0.1466,0.1497,11227583.6,1666988.17641,16011,1741967999999
1741968000000,0.1497,0.1507,0.1489,0.1494,4702781.6,704070.53697,8000,1741982399999
1741982400000,0.1493,0.1505,0.1487,0.1491,5078241.8,760606.58384,6609,1741996799999
1741996800000,0.1490,0.1493,0.1473,0.1492,3390080.3,502756.22544,6393,1742011199999
1742011200000,0.1492,0.1501,0.1483,0.1492,2925512.3,436872.11013,5872,1742025599999
1742025600000,0.1491,0.1510,0.1491,0.1502,11930694.5,1789662.81337,10991,1742039999999
1742040000000,0.1501,0.1508,0.1492,0.1496,4750255.1,712414.77687,7243,1742054399999
1742054400000,0.1496,0.1508,0.1492,0.1496,4944540.8,741078.61704,7465,1742068799999
1742068800000,0.1496,0.1512,0.1496,0.1503,6021324.3,906038.58413,6788,1742083199999
1742083200000,0.1504,0.1516,0.1494,0.1507,5833988.9,878600.60188,7551,1742097599999
1742097600000,0.1507,0.1521,0.1498,0.1501,5998272.4,906061.92140,6359,1742111999999
1742112000000,0.1502,0.1504,0.1442,0.1443,9809814.3,1446037.47799,10033,1742126399999
1742126400000,0.1443,0.1461,0.1430,0.1459,8043923.3,1164077.66724,10374,1742140799999
1742140800000,0.1459,0.1490,0.1439,0.1444,8736193.8,1282909.45370,10607,1742155199999
1742155200000,0.1445,0.1455,0.1427,0.1437,4092512.1,590342.77072,6831,1742169599999
1742169600000,0.1437,0.1462,0.1435,0.1459,4543352.6,660086.36656,7144,1742183999999
1742184000000,0.1460,0.1473,0.1446,0.1471,3599342.1,526027.10450,5941,1742198399999
1742198400000,0.1472,0.1507,0.1464,0.1501,5089622.8,758143.00688,8150,1742212799999
1742212800000,0.1501,0.1526,0.1490,0.1506,10705055.2,1612414.54977,12779,1742227199999
1742227200000,0.1505,0.1532,0.1501,0.1529,6841329.5,1040029.15195,8915,1742241599999
1742241600000,0.1529,0.1531,0.1511,0.1518,4322963.6,657896.13924,6548,1742255999999
1742256000000,0.1517,0.1521,0.1480,0.1482,5834645.5,874302.95460,11407,1742270399999
1742270400000,0.1481,0.1498,0.1470,0.1489,4588929.0,682394.26917,7532,1742284799999
1742284800000,0.1490,0.1506,0.1485,0.1499,5319976.1,796568.29059,7515,1742299199999
1742299200000,0.1499,0.1511,0.1484,0.1485,8507797.5,1272998.79939,11131,1742313599999
1742313600000,0.1487,0.1502,0.1476,0.1501,5581801.4,830367.81477,8744,1742327999999
1742328000000,0.1501,0.1541,0.1495,0.1537,7005968.5,1063659.72813,8407,1742342399999
1742342400000,0.1538,0.1562,0.1534,0.1561,7253525.7,1125010.49376,8787,1742356799999
1742356800000,0.1560,0.1575,0.1546,0.1557,7337029.2,1146395.39227,10381,1742371199999
1742371200000,0.1558,0.1577,0.1547,0.1565,6515334.8,1016507.66466,8744,1742385599999
1742385600000,0.1565,0.1583,0.1554,0.1576,8079865.2,1265477.16489,11993,1742399999999
1742400000000,0.1576,0.1586,0.1547,0.1577,8338114.9,1305612.81697,11280,1742414399999
1742414400000,0.1578,0.1584,0.1565,0.1574,5426202.6,853262.40325,7333,1742428799999
1742428800000,0.1574,0.1580,0.1554,0.1561,5517866.9,863212.98149,8789,1742443199999
1742443200000,0.1561,0.1568,0.1555,0.1560,2783624.6,434792.53595,5359,1742457599999
1742457600000,0.1559,0.1567,0.1535,0.1548,5188914.7,805489.90755,7186,1742471999999
1742472000000,0.1548,0.1561,0.1536,0.1537,4367197.7,676733.09200,7020,1742486399999
1742486400000,0.1537,0.1545,0.1522,0.1532,4915059.4,753328.45775,7721,1742500799999
1742500800000,0.1531,0.1540,0.1518,0.1522,3470781.0,530146.55183,6510,1742515199999
1742515200000,0.1522,0.1534,0.1506,0.1507,3630643.8,552856.95011,8137,1742529599999
1742529600000,0.1508,0.1513,0.1485,0.1494,6698183.5,1006233.75085,8678,1742543999999
1742544000000,0.1493,0.1498,0.1465,0.1470,5984815.0,884468.61602,8813,1742558399999
1742558400000,0.1469,0.1480,0.1455,0.1468,5508856.9,809545.06321,8139,1742572799999
1742572800000,0.1468,0.1502,0.1462,0.1485,16161641.7,2405009.50505,11884,1742587199999
1742587200000,0.1485,0.1487,0.1470,0.1475,5906505.1,873743.46010,6180,1742601599999
1742601600000,0.1474,0.1498,0.1474,0.1495,4097717.5,608681.98868,6534,1742615999999
1742616000000,0.1495,0.1514,0.1493,0.1500,4128215.0,620330.88884,6080,1742630399999
1742630400000,0.1500,0.1517,0.1500,0.1505,3543827.6,534928.35597,6009,1742644799999
1742644800000,0.1506,0.1512,0.1490,0.1505,3795530.5,570104.60337,6212,1742659199999
1742659200000,0.1504,0.1523,0.1501,0.1515,2754961.4,417295.84688,5394,1742673599999
1742673600000,0.1515,0.1518,0.1488,0.1497,4052483.1,608465.99892,6740,1742687999999
1742688000000,0.1497,0.1508,0.1492,0.1506,2934850.9,439923.50186,5683,1742702399999
1742702400000,0.1506,0.1507,0.1492,0.1502,2030153.4,304239.81955,3844,1742716799999
1742716800000,0.1502,0.1505,0.1491,0.1492,2913550.3,436282.15240,4880,1742731199999
1742731200000,0.1492,0.1495,0.1475,0.1477,4035028.4,599501.79577,5855,1742745599999
1742745600000,0.1478,0.1481,0.1464,0.1478,3676629.5,541653.96496,6172,1742759999999
1742760000000,0.1477,0.1490,0.1471,0.1490,3195684.6,473480.39745,5711,1742774399999
1742774400000,0.1490,0.1493,0.1462,0.1486,5405770.3,799120.05378,7807,1742788799999
1742788800000,0.1486,0.1559,0.1485,0.1535,12306976.1,1877950.81761,12404,1742803199999
1742803200000,0.1535,0.1547,0.1531,0.1541,5302272.3,816213.15990,7127,1742817599999
1742817600000,0.1540,0.1551,0.1527,0.1543,5048350.4,776280.62783,7169,1742831999999
1742832000000,0.1543,0.1551,0.1531,0.1548,4230965.3,652234.15766,7181,1742846399999
1742846400000,0.1548,0.1564,0.1545,0.1557,5591666.9,868051.71203,7349,1742860799999
1742860800000,0.1557,0.1578,0.1544,0.1550,6719822.1,1049687.21834,9988,1742875199999
1742875200000,0.1550,0.1571,0.1548,0.1558,4633780.5,721956.88630,7162,1742889599999
1742889600000,0.1558,0.1572,0.1554,0.1569,4421627.5,691810.90523,8229,1742903999999
1742904000000,0.1568,0.1572,0.1551,0.1566,4716017.2,736785.11306,9003,1742918399999
1742918400000,0.1566,0.1590,0.1558,0.1583,5216010.8,822230.76736,7927,1742932799999
1742932800000,0.1582,0.1601,0.1579,0.1589,4926658.4,782707.68422,6742,1742947199999
1742947200000,0.1588,0.1617,0.1560,0.1564,22256745.6,3541402.92504,14872,1742961599999
1742961600000,0.1564,0.1601,0.1562,0.1591,5394739.9,853410.58304,6539,1742975999999
1742976000000,0.1592,0.1600,0.1583,0.1596,3113304.7,495524.88623,5088,1742990399999
1742990400000,0.1597,0.1598,0.1541,0.1550,8321675.2,1303938.55424,10921,1743004799999
1743004800000,0.1549,0.1561,0.1522,0.1533,6108437.1,942724.21472,8903,1743019199999
1743019200000,0.1533,0.1551,0.1530,0.1540,4329850.4,667190.07424,6895,1743033599999
1743033600000,0.1540,0.1572,0.1536,0.1572,4252026.9,660732.19643,7391,1743047999999
1743048000000,0.1572,0.1573,0.1552,0.1555,3511354.5,548719.44415,5991,1743062399999
1743062400000,0.1554,0.1561,0.1534,0.1536,4328587.6,669718.60349,7531,1743076799999
1743076800000,0.1536,0.1556,0.1519,0.1551,6841312.2,1051958.85329,8917,1743091199999
1743091200000,0.1551,0.1555,0.1527,0.1537,4745681.2,730712.47840,7077,1743105599999
1743105600000,0.1537,0.1548,0.1530,0.1531,2757673.1,424340.76646,4740,1743119999999
1743120000000,0.1532,0.1538,0.1506,0.1513,5061968.4,771472.99818,7644,1743134399999
1743134400000,0.1513,0.1516,0.1453,0.1453,10622203.5,1568995.76815,12315,1743148799999
1743148800000,0.1453,0.1459,0.1424,0.1442,8861597.8,1278030.75195,10105,1743163199999
1743163200000,0.1441,0.1446,0.1420,0.1423,7147791.5,1023421.18639,10565,1743177599999
1743177600000,0.1423,0.1428,0.1408,0.1411,4181399.2,593000.13325,6790,1743191999999
1743192000000,0.1411,0.1429,0.1406,0.1427,3067093.6,435034.35518,5617,1743206399999
1743206400000,0.1427,0.1436,0.1403,0.1423,5080650.5,723441.34877,7468,1743220799999
1743220800000,0.1422,0.1428,0.1384,0.1390,5633347.6,789186.69851,7786,1743235199999
1743235200000,0.1389,0.1403,0.1362,0.1370,7404375.6,1024167.79372,8640,1743249599999
1743249600000,0.1371,0.1382,0.1363,0.1367,6226243.1,854906.38867,6801,1743263999999
1743264000000,0.1366,0.1369,0.1337,0.1347,10783704.4,1455154.08006,11683,1743278399999
1743278400000,0.1348,0.1350,0.1331,0.1346,6225091.6,833854.62962,9146,1743292799999
1743292800000,0.1347,0.1370,0.1332,0.1362,4233491.1,572594.73641,10384,1743307199999
1743307200000,0.1361,0.1372,0.1358,0.1371,3318101.4,453160.82753,7647,1743321599999
1743321600000,0.1371,0.1392,0.1370,0.1377,4851598.6,669624.55697,6754,1743335999999
1743336000000,0.1376,0.1383,0.1351,0.1355,6284945.9,856771.32161,8480,1743350399999
1743350400000,0.1355,0.1365,0.1335,0.1358,4480031.3,605146.41501,7160,1743364799999
1743364800000,0.1359,0.1363,0.1332,0.1353,4971002.0,671220.64006,7869,1743379199999
1743379200000,0.1353,0.1363,0.1327,0.1341,6857231.3,924313.85049,9084,1743393599999
1743393600000,0.1342,0.1360,0.1332,0.1341,6664137.9,897617.49026,8770,1743407999999
1743408000000,0.1341,0.1358,0.1325,0.1355,8351287.2,1117386.26331,8897,1743422399999
1743422400000,0.1356,0.1387,0.1347,0.1376,19728777.2,2700735.65455,15240,1743436799999
1743436800000,0.1377,0.1378,0.1349,0.1365,6163489.0,842271.25642,8847,1743451199999
1743451200000,0.1365,0.1377,0.1359,0.1367,6454741.7,882600.26261,8341,1743465599999
1743465600000,0.1367,0.1390,0.1361,0.1388,5890063.1,809947.38292,8839,1743479999999
1743480000000,0.1389,0.1400,0.1385,0.1397,4390644.3,611863.79688,6544,1743494399999
1743494400000,0.1397,0.1426,0.1396,0.1399,6456692.5,910711.10271,8688,1743508799999
1743508800000,0.1399,0.1432,0.1386,0.1430,7829413.0,1102333.81971,10905,1743523199999
1743523200000,0.1429,0.1433,0.1386,0.1389,7658060.0,1078277.25874,8964,1743537599999
1743537600000,0.1389,0.1409,0.1384,0.1398,4700853.6,657299.32622,6946,1743551999999
1743552000000,0.1398,0.1402,0.1350,0.1374,8113757.3,1114411.14441,11091,1743566399999
1743566400000,0.1374,0.1378,0.1336,0.1348,6719313.3,909616.39794,9518,1743580799999
1743580800000,0.1348,0.1378,0.1346,0.1356,5564309.9,757034.91451,7411,1743595199999
1743595200000,0.1356,0.1396,0.1341,0.1387,8807724.6,1204184.75788,12580,1743609599999
1743609600000,0.1388,0.1393,0.1363,0.1381,7384276.6,1017027.80979,9594,1743623999999
1743624000000,0.1381,0.1409,0.1273,0.1291,24789125.6,3312501.47859,23655,1743638399999
1743638400000,0.1291,0.1332,0.1284,0.1325,6714790.7,881385.26967,9414,1743652799999
1743652800000,0.1324,0.1338,0.1300,0.1308,4931895.3,651525.96712,8235,1743667199999
1743667200000,0.1308,0.1316,0.1283,0.1297,7548604.1,983886.69468,9961,1743681599999
1743681600000,0.1297,0.1300,0.1261,0.1288,9485411.4,1213538.06019,12922,1743695999999
1743696000000,0.1288,0.1319,0.1284,0.1312,4874911.0,633852.51850,7961,1743710399999
1743710400000,0.1312,0.1336,0.1307,0.1321,4208170.5,556310.49258,6860,1743724799999
1743724800000,0.1321,0.1330,0.1306,0.1314,5218267.7,687705.12772,7584,1743739199999
1743739200000,0.1314,0.1335,0.1304,0.1332,6225011.8,823866.40444,8026,1743753599999
1743753600000,0.1332,0.1340,0.1280,0.1295,7315172.8,958856.95479,10232,1743767999999
1743768000000,0.1295,0.1338,0.1288,0.1319,12309264.7,1612180.14035,17781,1743782399999
1743782400000,0.1319,0.1343,0.1312,0.1334,6696074.7,889110.39636,9969,1743796799999
1743796800000,0.1333,0.1353,0.1331,0.1342,6605291.5,887855.62386,7275,1743811199999
1743811200000,0.1343,0.1353,0.1332,0.1333,3833059.8,514456.51622,6027,1743825599999
1743825600000,0.1334,0.1339,0.1326,0.1338,2511164.7,334415.74615,3960,1743839999999
1743840000000,0.1337,0.1345,0.1333,0.1333,3237863.6,433552.91782,4663,1743854399999
1743854400000,0.1333,0.1336,0.1304,0.1310,3843054.7,506986.72870,6016,1743868799999
1743868800000,0.1309,0.1320,0.1307,0.1311,2801206.4,367924.14278,4695,1743883199999
1743883200000,0.1311,0.1328,0.1306,0.1328,2790507.2,367178.89939,8857,1743897599999
1743897600000,0.1327,0.1333,0.1316,0.1321,2707637.8,358611.04915,4788,1743911999999
1743912000000,0.1320,0.1333,0.1313,0.1324,3104909.7,410483.57076,5277,1743926399999
1743926400000,0.1323,0.1330,0.1311,0.1319,4560331.3,602510.77630,6869,1743940799999
1743940800000,0.1319,0.1321,0.1282,0.1299,5656409.2,734458.79169,9876,1743955199999
1743955200000,0.1298,0.1299,0.1206,0.1222,17389707.7,2150804.39352,20328,1743969599999
1743969600000,0.1222,0.1225,0.1166,0.1193,14175523.7,1694751.19158,17569,1743983999999
1743984000000,0.1193,0.1216,0.1162,0.1168,12116397.8,1438481.96671,14487,1743998399999
1743998400000,0.1169,0.1185,0.1076,0.1094,28482434.6,3183390.29640,25902,1744012799999
1744012800000,0.1093,0.1146,0.1087,0.1124,18988798.7,2131593.61006,19099,1744027199999
1744027200000,0.1124,0.1227,0.1119,0.1174,43987711.5,5166190.46083,31879,1744041599999
1744041600000,0.1173,0.1196,0.1157,0.1175,11786824.6,1387061.59443,14357,1744055999999
1744056000000,0.1176,0.1200,0.1175,0.1187,6341344.5,754433.40226,8230,1744070399999
1744070400000,0.1187,0.1221,0.1177,0.1196,7892614.6,944927.80834,10104,1744084799999
1744084800000,0.1196,0.1212,0.1185,0.1192,6260471.1,750230.62296,8381,1744099199999
1744099200000,0.1193,0.1215,0.1182,0.1214,4917705.4,587245.98850,7948,1744113599999
1744113600000,0.1214,0.1219,0.1179,0.1187,10946751.9,1316539.24053,13633,1744127999999
1744128000000,0.1186,0.1186,0.1129,0.1133,11328834.2,1307389.41372,15144,1744142399999
1744142400000,0.1133,0.1148,0.1126,0.1139,6285264.0,714162.37723,9355,1744156799999
1744156800000,0.1138,0.1153,0.1093,0.1143,15516509.4,1754206.44026,16727,1744171199999
1744171200000,0.1142,0.1183,0.1140,0.1181,8864317.2,1029827.55443,11192,1744185599999
1744185600000,0.1181,0.1189,0.1155,0.1160,7231995.1,849805.96683,12567,1744199999999
1744200000000,0.1160,0.1203,0.1152,0.1191,8704053.9,1028682.03140,11479,1744214399999
1744214400000,0.1191,0.1268,0.1189,0.1258,16414387.7,2035066.99634,17711,1744228799999
1744228800000,0.1259,0.1276,0.1256,0.1259,4844177.7,613268.71805,7427,1744243199999
1744243200000,0.1258,0.1259,0.1231,0.1241,8344367.5,1042163.35596,12159,1744257599999
1744257600000,0.1241,0.1264,0.1235,0.1246,6541089.6,817822.08536,10127,1744271999999
1744272000000,0.1247,0.1258,0.1236,0.1240,6058015.7,755179.36404,9556,1744286399999
1744286400000,0.1239,0.1265,0.1191,0.1197,9917771.9,1221059.02593,13993,1744300799999
1744300800000,0.1196,0.1214,0.1192,0.1205,8272817.5,995549.94483,12259,1744315199999
1744315200000,0.1205,0.1219,0.1204,0.1216,2895320.7,351103.04921,5531,1744329599999
1744329600000,0.1217,0.1238,0.1211,0.1237,5123466.5,627728.22827,7804,1744343999999
1744344000000,0.1237,0.1258,0.1236,0.1256,4869958.0,607280.71268,6384,1744358399999
1744358400000,0.1256,0.1263,0.1245,0.1247,6952394.0,871827.36899,8811,1744372799999
1744372800000,0.1248,0.1259,0.1236,0.1254,9267203.0,1156196.38465,10876,1744387199999
1744387200000,0.1254,0.1285,0.1251,0.1281,5988523.9,762078.70797,7255,1744401599999
1744401600000,0.1281,0.1286,0.1274,0.1276,4482808.0,574020.18328,5013,1744415999999
1744416000000,0.1276,0.1282,0.1260,0.1262,3632759.3,461585.09330,5466,1744430399999
1744430400000,0.1262,0.1277,0.1256,0.1274,4210412.0,534221.39266,6464,1744444799999
1744444800000,0.1273,0.1303,0.1265,0.1299,8562516.3,1100660.74558,10047,1744459199999
1744459200000,0.1299,0.1333,0.1294,0.1326,8368507.3,1099079.62693,9945,1744473599999
1744473600000,0.1325,0.1333,0.1304,0.1310,5003106.6,657843.76062,8215,1744487999999
1744488000000,0.1310,0.1322,0.1305,0.1319,3729215.9,489910.58941,7761,1744502399999
1744502400000,0.1319,0.1332,0.1293,0.1300,6595388.3,866162.25671,9149,1744516799999
1744516800000,0.1301,0.1302,0.1287,0.1296,3007481.6,389345.67853,5819,1744531199999
1744531200000,0.1296,0.1300,0.1282,0.1288,4374015.4,564546.83218,7416,1744545599999
1744545600000,0.1287,0.1291,0.1256,0.1264,4938368.6,626682.28753,9137,1744559999999
1744560000000,0.1265,0.1300,0.1235,0.1249,15400064.8,1940208.66190,14865,1744574399999
1744574400000,0.1248,0.1260,0.1225,0.1241,9549871.5,1184259.92340,12302,1744588799999
1744588800000,0.1242,0.1278,0.1240,0.1249,7705752.2,967218.08043,12350,1744603199999
1744603200000,0.1249,0.1264,0.1237,0.1250,5011312.3,626082.37845,10263,1744617599999
1744617600000,0.1250,0.1291,0.1249,0.1286,6902692.6,872812.21841,10386,1744631999999
1744632000000,0.1287,0.1290,0.1243,0.1245,9390034.9,1193433.55507,13181,1744646399999
1744646400000,0.1245,0.1254,0.1228,0.1236,10916328.4,1357456.33249,13419,1744660799999
1744660800000,0.1236,0.1241,0.1226,0.1231,6031535.3,743783.10440,7941,1744675199999
1744675200000,0.1231,0.1237,0.1215,0.1234,6124550.2,752049.73142,8255,1744689599999
1744689600000,0.1233,0.1239,0.1218,0.1229,3859716.9,474885.25352,6324,1744703999999
1744704000000,0.1230,0.1251,0.1228,0.1238,4766801.2,589616.67662,6568,1744718399999
1744718400000,0.1239,0.1254,0.1219,0.1227,7979896.5,986038.23581,11037,1744732799999
1744732800000,0.1227,0.1233,0.1213,0.1215,5740389.6,701472.00396,8761,1744747199999
1744747200000,0.1214,0.1230,0.1209,0.1221,3968419.2,483707.90189,6644,1744761599999
1744761600000,0.1222,0.1240,0.1216,0.1228,7183026.4,883205.96239,9096,1744775999999
1744776000000,0.1228,0.1232,0.1208,0.1210,4454499.9,543969.59182,7873,1744790399999
1744790400000,0.1210,0.1227,0.1203,0.1222,5390145.9,654687.10061,8710,1744804799999
1744804800000,0.1222,0.1240,0.1207,0.1224,7199499.3,879584.56148,9441,1744819199999
1744819200000,0.1224,0.1239,0.1193,0.1231,13215104.0,1607179.06327,15592,1744833599999
1744833600000,0.1230,0.1241,0.1215,0.1225,4774588.8,585296.81603,7284,1744847999999
1744848000000,0.1224,0.1233,0.1216,0.1230,3475433.0,425632.77342,7175,1744862399999
1744862400000,0.1229,0.1248,0.1226,0.1243,2979200.8,369841.06226,4941,1744876799999
1744876800000,0.1244,0.1244,0.1219,0.1225,5544827.1,682401.71826,6698,1744891199999
1744891200000,0.1226,0.1243,0.1219,0.1242,7072452.3,870567.16223,8190,1744905599999
1744905600000,0.1241,0.1261,0.1234,0.1248,6137347.2,766993.53947,7892,1744919999999
1744920000000,0.1248,0.1255,0.1232,0.1239,3851470.1,479265.52117,5568,1744934399999
1744934400000,0.1239,0.1246,0.1232,0.1244,4692772.3,581295.05872,6663,1744948799999
1744948800000,0.1244,0.1282,0.1239,0.1278,9040777.2,1144642.28081,9057,1744963199999
1744963200000,0.1277,0.1291,0.1271,0.1288,7114031.3,911346.83457,6999,1744977599999
1744977600000,0.1288,0.1302,0.1276,0.1280,8232578.9,1062876.23146,8482,1744991999999
1744992000000,0.1281,0.1291,0.1279,0.1290,5980248.8,768684.19191,7992,1745006399999
1745006400000,0.1289,0.1291,0.1268,0.1271,4160803.6,532070.70172,6022,1745020799999
1745020800000,0.1271,0.1327,0.1268,0.1321,13634192.2,1778821.95161,14014,1745035199999
1745035200000,0.1321,0.1323,0.1303,0.1305,5184952.0,679047.11163,6081,1745049599999
1745049600000,0.1305,0.1313,0.1299,0.1302,3997261.9,521741.64188,5257,1745063999999
1745064000000,0.1302,0.1321,0.1299,0.1316,3721662.6,486949.95690,5652,1745078399999
1745078400000,0.1316,0.1335,0.1309,0.1327,5933899.0,785553.45618,7493,1745092799999
1745092800000,0.1326,0.1329,0.1318,0.1324,2394644.3,316964.82649,4435,1745107199999
1745107200000,0.1325,0.1325,0.1310,0.1315,3945161.4,519175.06696,5629,1745121599999
1745121600000,0.1316,0.1340,0.1314,0.1317,4754745.9,631105.48180,7178,1745135999999
1745136000000,0.1317,0.1319,0.1302,0.1311,7478043.3,981065.48967,8188,1745150399999
1745150400000,0.1311,0.1320,0.1306,0.1315,3531887.4,463794.69153,5488,1745164799999
1745164800000,0.1315,0.1332,0.1313,0.1328,4764173.8,630271.71794,6620,1745179199999
1745179200000,0.1328,0.1336,0.1324,0.1333,3706139.5,493120.95195,5909,1745193599999
1745193600000,0.1332,0.1357,0.1331,0.1339,7005377.6,942160.08847,11072,1745207999999
1745208000000,0.1339,0.1357,0.1331,0.1351,4721079.9,635212.39506,7135,1745222399999
1745222400000,0.1350,0.1356,0.1335,0.1340,3967229.3,534450.07776,5526,1745236799999
1745236800000,0.1340,0.1352,0.1330,0.1341,5625584.5,754672.40066,7297,1745251199999
1745251200000,0.1340,0.1346,0.1309,0.1340,8130271.1,1079819.69930,10125,1745265599999
1745265600000,0.1340,0.1346,0.1331,0.1334,4644859.2,621201.80811,6447,1745279999999
1745280000000,0.1335,0.1352,0.1306,0.1343,7441139.9,992074.94531,8919,1745294399999
1745294400000,0.1343,0.1350,0.1312,0.1340,5717880.6,759991.36854,7469,1745308799999
1745308800000,0.1340,0.1343,0.1321,0.1340,5388398.1,717349.16783,7073,1745323199999
1745323200000,0.1339,0.1383,0.1336,0.1380,10652370.5,1453094.50515,10904,1745337599999
1745337600000,0.1380,0.1392,0.1364,0.1388,8205269.3,1130258.63802,8692,1745351999999
1745352000000,0.1388,0.1416,0.1381,0.1412,7965782.7,1115971.98223,10161,1745366399999
1745366400000,0.1413,0.1428,0.1401,0.1428,8370077.9,1183389.82836,10118,1745380799999
1745380800000,0.1427,0.1439,0.1418,0.1438,6283787.0,899052.31732,9217,1745395199999
1745395200000,0.1438,0.1444,0.1413,0.1424,6237726.2,891384.90544,8007,1745409599999
1745409600000,0.1423,0.1441,0.1387,0.1416,13027576.5,1845648.36419,13925,1745423999999
1745424000000,0.1417,0.1425,0.1397,0.1401,6916256.0,975904.49425,9050,1745438399999
1745438400000,0.1400,0.1420,0.1396,0.1417,3368525.7,473717.80182,5227,1745452799999
1745452800000,0.1417,0.1429,0.1384,0.1385,6935968.9,981597.76809,9070,1745467199999
1745467200000,0.1386,0.1410,0.1384,0.1387,4634371.3,647944.74092,6752,1745481599999
1745481600000,0.1387,0.1403,0.1371,0.1403,6145471.6,850965.79003,8634,1745495999999
1745496000000,0.1403,0.1451,0.1392,0.1437,8076637.1,1147661.23633,10208,1745510399999
1745510400000,0.1438,0.1447,0.1414,0.1431,5743393.0,821292.74863,8258,1745524799999
1745524800000,0.1431,0.1458,0.1429,0.1456,4192838.9,604829.20001,6204,1745539199999
1745539200000,0.1456,0.1477,0.1440,0.1471,10307623.6,1508380.38967,10715,1745553599999
1745553600000,0.1471,0.1519,0.1462,0.1516,8759497.4,1306161.67686,10264,1745567999999
1745568000000,0.1516,0.1520,0.1497,0.1504,8226242.6,1243786.15574,9664,1745582399999
1745582400000,0.1504,0.1512,0.1473,0.1495,10070656.3,1505064.03900,11933,1745596799999
1745596800000,0.1495,0.1505,0.1479,0.1493,5587529.8,833740.49742,8699,1745611199999
1745611200000,0.1492,0.1507,0.1488,0.1499,2919367.3,437590.60376,5518,1745625599999
1745625600000,0.1499,0.1534,0.1499,0.1524,5337499.1,810613.91592,8030,1745639999999
1745640000000,0.1523,0.1529,0.1509,0.1521,4031585.3,612375.56284,6433,1745654399999
1745654400000,0.1520,0.1526,0.1490,0.1493,8517916.0,1285327.76303,9963,1745668799999
1745668800000,0.1493,0.1527,0.1491,0.1523,7356004.1,1109680.62022,10080,1745683199999
1745683200000,0.1524,0.1524,0.1507,0.1522,2852734.0,432401.97394,5003,1745697599999
1745697600000,0.1522,0.1528,0.1509,0.1519,4961028.5,753237.82179,6531,1745711999999
1745712000000,0.1519,0.1532,0.1475,0.1490,8201021.7,1230958.89462,10693,1745726399999
1745726400000,0.1490,0.1500,0.1469,0.1479,4051506.5,599899.82971,6413,1745740799999
1745740800000,0.1478,0.1492,0.1470,0.1472,3221012.6,477189.02701,5295,1745755199999
1745755200000,0.1473,0.1473,0.1446,0.1452,8073494.1,1176144.64186,10718,1745769599999
1745769600000,0.1452,0.1465,0.1438,0.1462,4456226.6,647649.61765,6923,1745783999999
1745784000000,0.1462,0.1470,0.1447,0.1448,3190674.6,464703.83315,5909,1745798399999
1745798400000,0.1448,0.1464,0.1410,0.1460,8841753.0,1272963.17218,12256,1745812799999
1745812800000,0.1460,0.1492,0.1450,0.1491,5860003.7,860446.90410,7061,1745827199999
1745827200000,0.1493,0.1543,0.1485,0.1541,19559241.0,2967514.84122,19372,1745841599999
1745841600000,0.1541,0.1549,0.1513,0.1518,22465264.0,3426755.57430,24725,1745855999999
1745856000000,0.1518,0.1556,0.1512,0.1536,17441975.6,2677219.11793,20044,1745870399999
1745870400000,0.1536,0.1537,0.1520,0.1525,5323401.3,813220.36616,8283,1745884799999
1745884800000,0.1525,0.1539,0.1514,0.1529,7121198.7,1086758.28192,10766,1745899199999
1745899200000,0.1529,0.1541,0.1513,0.1541,5146001.7,784031.67992,8944,1745913599999
1745913600000,0.1541,0.1542,0.1505,0.1514,4636825.9,705821.72672,8028,1745927999999
1745928000000,0.1514,0.1532,0.1490,0.1515,7869993.6,1191309.53048,11757,1745942399999
1745942400000,0.1516,0.1523,0.1504,0.1508,3529160.7,534051.02937,6973,1745956799999
1745956800000,0.1508,0.1509,0.1472,0.1491,5452484.1,812774.46887,8634,1745971199999
1745971200000,0.1491,0.1503,0.1482,0.1502,4422848.4,661063.69817,7848,1745985599999
1745985600000,0.1502,0.1514,0.1481,0.1489,3052360.1,458703.51092,5449,1745999999999
1746000000000,0.1489,0.1514,0.1485,0.1511,2971935.7,446548.15730,4943,1746014399999
1746014400000,0.1511,0.1514,0.1446,0.1470,10472482.5,1540516.12196,13320,1746028799999
1746028800000,0.1470,0.1510,0.1463,0.1507,6259667.7,934354.01637,8956,1746043199999
1746043200000,0.1507,0.1532,0.1507,0.1523,5413695.4,824918.94697,7711,1746057599999
1746057600000,0.1523,0.1537,0.1501,0.1504,4927706.3,749668.22615,7794,1746071999999
1746072000000,0.1504,0.1525,0.1501,0.1525,3894651.8,589590.54121,7035,1746086399999
1746086400000,0.1525,0.1559,0.1523,0.1553,6542739.7,1009444.77556,9465,1746100799999
1746100800000,0.1552,0.1562,0.1529,0.1543,6877623.4,1064016.91935,10332,1746115199999
1746115200000,0.1543,0.1556,0.1535,0.1539,4112080.9,635121.93557,7338,1746129599999
1746129600000,0.1538,0.1550,0.1534,0.1545,2621623.9,404083.45037,4938,1746143999999
1746144000000,0.1545,0.1557,0.1531,0.1554,4444352.0,688214.32152,8099,1746158399999
1746158400000,0.1555,0.1558,0.1532,0.1534,3808148.6,588360.70499,6451,1746172799999
1746172800000,0.1535,0.1549,0.1528,0.1530,3358763.2,516451.88079,6948,1746187199999
1746187200000,0.1530,0.1548,0.1523,0.1538,5963802.3,917472.96643,10257,1746201599999
1746201600000,0.1538,0.1549,0.1508,0.1512,4190530.9,640655.34069,7129,1746215999999
1746216000000,0.1513,0.1523,0.1509,0.1520,2523871.6,383111.58754,5037,1746230399999
1746230400000,0.1519,0.1526,0.1505,0.1508,2747634.1,415799.19763,5010,1746244799999
1746244800000,0.1508,0.1519,0.1504,0.1507,2136004.4,322814.29407,4720,1746259199999
1746259200000,0.1506,0.1509,0.1460,0.1460,4501282.4,668909.07087,8327,1746273599999
1746273600000,0.1461,0.1477,0.1461,0.1471,4026649.5,591943.03091,7329,1746287999999
1746288000000,0.1471,0.1473,0.1422,0.1465,9079381.8,1314825.72097,12820,1746302399999
1746302400000,0.1465,0.1476,0.1450,0.1450,3460638.0,506132.70683,6940,1746316799999
1746316800000,0.1451,0.1457,0.1425,0.1431,6835273.0,985960.62247,11354,1746331199999
1746331200000,0.1431,0.1439,0.1417,0.1423,3669021.4,523589.40855,6983,1746345599999
1746345600000,0.1422,0.1424,0.1400,0.1406,6475724.7,911677.94309,8408,1746359999999
1746360000000,0.1406,0.1412,0.1394,0.1399,5183282.5,726761.33382,7463,1746374399999
1746374400000,0.1399,0.1401,0.1387,0.1392,5695400.9,793906.30474,7791,1746388799999
1746388800000,0.1391,0.1404,0.1384,0.1393,4735751.9,660683.81200,8413,1746403199999
1746403200000,0.1393,0.1415,0.1382,0.1406,6401887.1,896514.41456,8944,1746417599999
1746417600000,0.1407,0.1417,0.1400,0.1409,3467299.1,488132.48646,5761,1746431999999
1746432000000,0.1410,0.1417,0.1384,0.1386,4381054.6,613267.31415,7993,1746446399999
1746446400000,0.1387,0.1423,0.1381,0.1407,11882007.1,1663696.42867,13992,1746460799999
1746460800000,0.1407,0.1449,0.1401,0.1430,11729914.3,1671809.53104,12680,1746475199999
1746475200000,0.1431,0.1432,0.1378,0.1399,12864719.8,1805227.90125,13657,1746489599999
1746489600000,0.1399,0.1424,0.1387,0.1410,6827114.1,960164.69905,10253,1746503999999
1746504000000,0.1411,0.1416,0.1391,0.1394,5805331.1,813518.41073,8136,1746518399999
1746518400000,0.1394,0.1396,0.1332,0.1340,13573248.7,1848886.80297,14227,1746532799999
1746532800000,0.1341,0.1350,0.1324,0.1330,11389806.0,1523198.08754,13408,1746547199999
1746547200000,0.1331,0.1360,0.1317,0.1350,6556769.7,876196.10096,10447,1746561599999
1746561600000,0.1350,0.1370,0.1319,0.1367,6720551.9,906785.83310,11147,1746575999999
1746576000000,0.1368,0.1386,0.1358,0.1364,4551917.6,624697.18067,7902,1746590399999
1746590400000,0.1364,0.1379,0.1348,0.1376,4716490.7,642827.01807,6963,1746604799999
1746604800000,0.1376,0.1390,0.1372,0.1382,3155296.0,435483.79961,5162,1746619199999
1746619200000,0.1382,0.1385,0.1358,0.1361,4272107.3,587116.87411,6410,1746633599999
1746633600000,0.1361,0.1378,0.1354,0.1364,6476125.2,883372.44940,9829,1746647999999
1746648000000,0.1364,0.1391,0.1360,0.1386,3341073.2,459609.46134,6891,1746662399999
1746662400000,0.1386,0.1436,0.1385,0.1436,5484507.4,774210.78381,7677,1746676799999
1746676800000,0.1436,0.1449,0.1433,0.1445,4257228.0,613444.99039,6188,1746691199999
1746691200000,0.1446,0.1460,0.1445,0.1453,4502751.5,653502.19665,6193,1746705599999
1746705600000,0.1453,0.1486,0.1443,0.1476,8373740.9,1222715.80645,11987,1746719999999
1746720000000,0.1477,0.1501,0.1474,0.1497,6570857.7,975694.11111,10574,1746734399999
1746734400000,0.1498,0.1546,0.1498,0.1545,8053312.2,1228577.49425,12555,1746748799999
1746748800000,0.1545,0.1569,0.1541,0.1545,6374456.7,991131.27445,10844,1746763199999
1746763200000,0.1545,0.1599,0.1545,0.1590,6313133.1,990676.98209,10524,1746777599999
1746777600000,0.1590,0.1623,0.1564,0.1601,13643108.8,2172821.29657,17444,1746791999999
1746792000000,0.1601,0.1623,0.1577,0.1600,8833040.2,1414483.94486,13788,1746806399999
1746806400000,0.1600,0.1608,0.1580,0.1597,5987336.5,955699.92092,9998,1746820799999
1746820800000,0.1597,0.1615,0.1591,0.1613,4003816.3,641270.02401,7471,1746835199999
1746835200000,0.1614,0.1641,0.1596,0.1622,7208303.7,1167441.55349,13742,1746849599999
1746849600000,0.1621,0.1656,0.1605,0.1652,4242908.1,690239.88989,8624,1746863999999
1746864000000,0.1653,0.1663,0.1613,0.1622,7504583.2,1231715.06595,13618,1746878399999
1746878400000,0.1622,0.1654,0.1618,0.1628,4745385.4,775224.71900,8776,1746892799999
1746892800000,0.1629,0.1658,0.1624,0.1644,5116193.2,840744.42846,9582,1746907199999
1746907200000,0.1644,0.1692,0.1634,0.1690,4472151.7,745863.55154,8587,1746921599999
1746921600000,0.1689,0.1699,0.1651,0.1677,8137504.1,1363901.48055,14126,1746935999999
1746936000000,0.1676,0.1690,0.1601,0.1616,7303276.6,1204825.81717,13581,1746950399999
1746950400000,0.1616,0.1641,0.1605,0.1639,5223012.6,848410.99428,10022,1746964799999
1746964800000,0.1640,0.1653,0.1611,0.1622,6134628.9,1001806.58518,11913,1746979199999
1746979200000,0.1622,0.1657,0.1601,0.1648,6030211.8,986084.00228,11718,1746993599999
1746993600000,0.1648,0.1664,0.1636,0.1648,3963340.1,652815.41057,8150,1747007999999
1747008000000,0.1649,0.1672,0.1622,0.1661,6348358.3,1047828.17465,12619,1747022399999
1747022400000,0.1661,0.1730,0.1637,0.1696,8899661.9,1498433.52106,16182,1747036799999
1747036800000,0.1696,0.1708,0.1654,0.1658,9884593.9,1665645.29299,17077,1747051199999
1747051200000,0.1657,0.1705,0.1612,0.1630,17268936.4,2860481.73757,28951,1747065599999
1747065600000,0.1631,0.1667,0.1567,0.1625,12283449.5,1994038.88705,21020,1747079999999
1747080000000,0.1625,0.1656,0.1616,0.1650,4137919.5,677080.20294,8301,1747094399999
1747094400000,0.1650,0.1652,0.1554,0.1559,8706872.6,1391216.66774,15565,1747108799999
1747108800000,0.1559,0.1614,0.1558,0.1603,5716068.3,909433.65048,11702,1747123199999
1747123200000,0.1603,0.1634,0.1598,0.1630,5409073.2,876918.54929,10144,1747137599999
1747137600000,0.1630,0.1646,0.1605,0.1632,5649764.4,920197.47257,12983,1747151999999
1747152000000,0.1632,0.1705,0.1629,0.1698,5649119.5,941624.61114,11359,1747166399999
1747166400000,0.1698,0.1703,0.1678,0.1683,4004315.7,677968.57865,10005,1747180799999
1747180800000,0.1683,0.1705,0.1669,0.1678,6819876.4,1151905.53297,11945,1747195199999
1747195200000,0.1679,0.1693,0.1660,0.1665,5505153.3,922378.85501,8974,1747209599999
1747209600000,0.1665,0.1667,0.1617,0.1643,8937489.2,1466831.32313,12135,1747223999999
1747224000000,0.1644,0.1653,0.1594,0.1611,8189999.9,1323157.81164,13086,1747238399999
1747238400000,0.1611,0.1615,0.1585,0.1598,5221075.8,835706.29227,10531,1747252799999
1747252800000,0.1599,0.1605,0.1583,0.1599,3603854.4,574612.10278,7041,1747267199999
1747267200000,0.1598,0.1621,0.1577,0.1579,6392828.9,1021272.73270,12049,1747281599999
1747281600000,0.1579,0.1588,0.1516,0.1520,8306727.9,1289396.65037,14061,1747295999999
1747296000000,0.1519,0.1550,0.1512,0.1540,9007752.8,1380522.85995,13045,1747310399999
1747310400000,0.1539,0.1557,0.1499,0.1556,11507135.4,1759048.28704,18850,1747324799999
1747324800000,0.1556,0.1582,0.1524,0.1540,6404833.8,996433.96118,12406,1747339199999
1747339200000,0.1540,0.1547,0.1504,0.1536,6811218.2,1041726.64261,11805,1747353599999
1747353600000,0.1535,0.1567,0.1532,0.1556,6087229.5,943332.32427,11637,1747367999999
1747368000000,0.1556,0.1566,0.1546,0.1558,4051480.1,630610.03886,7887,1747382399999
1747382400000,0.1558,0.1568,0.1536,0.1558,5296813.0,823847.58682,11355,1747396799999
1747396800000,0.1559,0.1562,0.1532,0.1548,5230525.7,810639.98432,10906,1747411199999
1747411200000,0.1548,0.1553,0.1518,0.1532,5111508.3,783563.51538,9099,1747425599999
1747425600000,0.1533,0.1533,0.1492,0.1505,4775156.7,723069.99637,7937,1747439999999
1747440000000,0.1505,0.1511,0.1453,0.1477,7069044.6,1043844.87463,11709,1747454399999
1747454400000,0.1477,0.1486,0.1463,0.1469,3663936.8,540051.63976,7518,1747468799999
1747468800000,0.1469,0.1472,0.1447,0.1459,4550535.4,664703.80668,8682,1747483199999
1747483200000,0.1459,0.1464,0.1438,0.1452,5280881.5,768253.62699,8625,1747497599999
1747497600000,0.1452,0.1459,0.1430,0.1437,7299396.7,1055803.31152,11282,1747511999999
1747512000000,0.1437,0.1459,0.1429,0.1438,5237842.3,755424.05892,9667,1747526399999
1747526400000,0.1439,0.1455,0.1435,0.1444,5981534.1,864736.80393,9334,1747540799999
1747540800000,0.1445,0.1474,0.1444,0.1473,4210204.8,615373.07806,7717,1747555199999
1747555200000,0.1473,0.1496,0.1473,0.1480,5292774.9,786252.78848,8995,1747569599999
1747569600000,0.1479,0.1541,0.1471,0.1537,5248529.9,789447.91789,8468,1747583999999
1747584000000,0.1538,0.1541,0.1451,0.1452,9187281.7,1371755.26242,12957,1747598399999
1747598400000,0.1452,0.1524,0.1425,0.1518,8484923.6,1244507.91365,13491,1747612799999
1747612800000,0.1518,0.1529,0.1454,0.1459,7242289.5,1079167.91265,11723,1747627199999
1747627200000,0.1459,0.1464,0.1425,0.1448,6787314.0,979390.39003,11026,1747641599999
1747641600000,0.1447,0.1454,0.1428,0.1441,4586461.8,660731.14882,7692,1747655999999
1747656000000,0.1440,0.1476,0.1417,0.1471,6928652.4,1003631.62672,9616,1747670399999
1747670400000,0.1471,0.1493,0.1457,0.1475,6385436.5,941528.02306,8597,1747684799999
1747684800000,0.1475,0.1484,0.1467,0.1480,2936138.1,433284.35528,5112,1747699199999
1747699200000,0.1481,0.1512,0.1471,0.1491,5478200.9,816548.16781,8821,1747713599999
1747713600000,0.1491,0.1503,0.1476,0.1479,3557384.8,530228.48552,5935,1747727999999
1747728000000,0.1480,0.1483,0.1449,0.1464,6450820.2,944624.53774,7961,1747742399999
1747742400000,0.1464,0.1481,0.1450,0.1471,4351286.0,636244.64207,7943,1747756799999
1747756800000,0.1472,0.1478,0.1443,0.1469,4166660.5,609532.90680,7931,1747771199999
1747771200000,0.1469,0.1502,0.1465,0.1498,4037923.3,600113.78817,8516,1747785599999
1747785600000,0.1498,0.1502,0.1473,0.1495,4084102.8,608836.84752,7351,1747799999999
1747800000000,0.1495,0.1510,0.1477,0.1482,5075931.8,760030.62566,8566,1747814399999
1747814400000,0.1482,0.1487,0.1462,0.1469,4432150.6,651798.12169,7602,1747828799999
1747828800000,0.1469,0.1493,0.1464,0.1490,6607250.2,976856.18125,9324,1747843199999
1747843200000,0.1490,0.1523,0.1445,0.1479,18159426.0,2677924.04013,19176,1747857599999
1747857600000,0.1479,0.1511,0.1468,0.1495,6091222.6,905267.11981,8956,1747871999999
1747872000000,0.1496,0.1545,0.1493,0.1540,4868039.8,737978.88918,9056,1747886399999
1747886400000,0.1541,0.1549,0.1530,0.1547,4098953.3,631319.75002,7493,1747900799999
1747900800000,0.1547,0.1573,0.1545,0.1556,5398534.1,842464.31938,8772,1747915199999
1747915200000,0.1555,0.1582,0.1544,0.1576,4788209.0,747043.47939,8841,1747929599999
1747929600000,0.1576,0.1593,0.1575,0.1576,4990662.6,790411.47601,8846,1747943999999
1747944000000,0.1575,0.1591,0.1562,0.1588,4991886.3,786904.56028,8920,1747958399999
1747958400000,0.1588,0.1606,0.1575,0.1601,4998991.4,795496.91906,8478,1747972799999
1747972800000,0.1600,0.1605,0.1552,0.1557,5394490.0,849289.95766,9120,1747987199999
1747987200000,0.1557,0.1585,0.1500,0.1512,12038244.2,1855254.51185,13590,1748001599999
1748001600000,0.1513,0.1535,0.1471,0.1514,16208903.5,2444738.52493,18068,1748015999999
1748016000000,0.1513,0.1524,0.1499,0.1505,4799323.0,725529.57554,7466,1748030399999
1748030400000,0.1505,0.1505,0.1449,0.1456,6361276.2,939583.21542,8497,1748044799999
1748044800000,0.1457,0.1479,0.1449,0.1476,5368207.1,786130.75214,7670,1748059199999
1748059200000,0.1476,0.1478,0.1459,0.1463,3553697.0,522138.18722,5395,1748073599999
1748073600000,0.1463,0.1478,0.1455,0.1470,2952964.5,433220.88028,5484,1748087999999
1748088000000,0.1470,0.1474,0.1460,0.1463,2012811.0,295463.46085,4251,1748102399999
1748102400000,0.1463,0.1470,0.1453,0.1457,2404598.9,351170.99313,4404,1748116799999
1748116800000,0.1457,0.1458,0.1439,0.1446,3238511.5,468768.69764,6514,1748131199999
1748131200000,0.1445,0.1453,0.1414,0.1437,6402869.5,914620.21540,9582,1748145599999
1748145600000,0.1437,0.1438,0.1419,0.1428,2538248.5,363320.01807,4877,1748159999999
1748160000000,0.1427,0.1427,0.1402,0.1409,3227028.3,455697.16961,6485,1748174399999
1748174400000,0.1409,0.1424,0.1383,0.1402,4446957.2,624073.54603,6976,1748188799999
1748188800000,0.1402,0.1413,0.1388,0.1409,3339738.7,467739.44494,5805,1748203199999
1748203200000,0.1410,0.1442,0.1395,0.1438,3887696.8,551878.02179,7319,1748217599999
1748217600000,0.1437,0.1452,0.1428,0.1444,3495587.9,504230.27195,7117,1748231999999
1748232000000,0.1444,0.1458,0.1442,0.1456,2328541.1,337373.62958,4733,1748246399999
1748246400000,0.1455,0.1457,0.1428,0.1430,3531202.4,509865.95587,5609,1748260799999
1748260800000,0.1430,0.1433,0.1396,0.1417,8547770.4,1208726.97113,10823,1748275199999
1748275200000,0.1417,0.1422,0.1387,0.1396,3817120.2,534299.50868,7656,1748289599999
1748289600000,0.1396,0.1413,0.1392,0.1408,2997714.5,419895.67479,7841,1748303999999
1748304000000,0.1408,0.1411,0.1371,0.1402,5463197.4,760703.13364,8240,1748318399999
1748318400000,0.1403,0.1438,0.1400,0.1434,3824212.8,542895.21378,7247,1748332799999
1748332800000,0.1434,0.1450,0.1434,0.1445,3265861.4,471551.55405,5888,1748347199999
1748347200000,0.1444,0.1467,0.1427,0.1445,7154803.9,1034061.12916,9669,1748361599999
1748361600000,0.1445,0.1464,0.1442,0.1455,3684161.7,536041.81019,5987,1748375999999
1748376000000,0.1456,0.1460,0.1437,0.1443,2173421.0,314975.55046,4686,1748390399999
1748390400000,0.1444,0.1457,0.1437,0.1456,3442953.8,497856.04925,6029,1748404799999
1748404800000,0.1457,0.1461,0.1438,0.1439,2491448.1,360834.97991,5020,1748419199999
1748419200000,0.1439,0.1441,0.1421,0.1439,4552131.4,652265.13195,6863,1748433599999
1748433600000,0.1440,0.1461,0.1400,0.1404,8004385.5,1147344.51215,10483,1748447999999
1748448000000,0.1404,0.1420,0.1382,0.1383,3638473.8,509712.28305,7013,1748462399999
1748462400000,0.1382,0.1421,0.1380,0.1421,3616181.2,505713.00005,6566,1748476799999
1748476800000,0.1420,0.1444,0.1411,0.1436,5760096.4,822504.20539,7468,1748491199999
1748491200000,0.1437,0.1439,0.1411,0.1419,4363891.8,621229.01216,5978,1748505599999
1748505600000,0.1420,0.1426,0.1413,0.1421,3579500.7,508107.64417,5216,1748519999999
1748520000000,0.1420,0.1421,0.1387,0.1397,7826892.4,1097733.86115,8869,1748534399999
1748534400000,0.1398,0.1402,0.1368,0.1378,5775718.7,800249.50551,7437,1748548799999
1748548800000,0.1379,0.1394,0.1371,0.1380,3302167.8,455909.32870,5759,1748563199999
1748563200000,0.1379,0.1394,0.1312,0.1357,15840995.6,2139021.85883,18252,1748577599999
1748577600000,0.1356,0.1360,0.1325,0.1331,7136311.4,958589.11681,9050,1748591999999
1748592000000,0.1332,0.1382,0.1319,0.1346,36300609.2,4900624.62137,25010,1748606399999
1748606400000,0.1346,0.1352,0.1321,0.1331,10728979.3,1435405.77504,11287,1748620799999
1748620800000,0.1331,0.1334,0.1274,0.1317,11643403.0,1520162.99966,13336,1748635199999
1748635200000,0.1318,0.1323,0.1262,0.1274,8801773.6,1138022.89855,9495,1748649599999
1748649600000,0.1274,0.1301,0.1240,0.1293,22654751.6,2879917.93374,18987,1748663999999
1748664000000,0.1292,0.1304,0.1281,0.1288,7983978.4,1032127.95953,9951,1748678399999
1748678400000,0.1289,0.1295,0.1269,0.1278,7673334.3,982747.32494,8724,1748692799999
1748692800000,0.1278,0.1301,0.1270,0.1285,9696652.5,1244425.80740,10019,1748707199999
1748707200000,0.1285,0.1304,0.1282,0.1300,3972735.7,514639.87056,5621,1748721599999
1748721600000,0.1301,0.1324,0.1289,0.1293,6607007.2,862654.11944,8328,1748735999999
1748736000000,0.1293,0.1300,0.1271,0.1281,5510501.4,707374.38307,7556,1748750399999
1748750400000,0.1281,0.1300,0.1278,0.1287,5878814.2,757180.36858,7584,1748764799999
1748764800000,0.1286,0.1287,0.1252,0.1271,5823659.9,738208.37838,8290,1748779199999
1748779200000,0.1270,0.1296,0.1261,0.1296,3531020.7,452795.86480,6502,1748793599999
1748793600000,0.1296,0.1309,0.1257,0.1273,15047634.3,1924166.59954,15139,1748807999999
1748808000000,0.1272,0.1293,0.1270,0.1291,2862135.3,367463.66133,5221,1748822399999
1748822400000,0.1291,0.1296,0.1271,0.1278,5219918.3,671320.12773,6721,1748836799999
1748836800000,0.1278,0.1303,0.1276,0.1299,3893975.0,501838.00829,6006,1748851199999
1748851200000,0.1299,0.1308,0.1279,0.1287,4032156.9,520394.45810,6703,1748865599999
1748865600000,0.1287,0.1312,0.1285,0.1309,6657013.3,865417.05517,7975,1748879999999
1748880000000,0.1309,0.1316,0.1294,0.1303,5503322.5,718894.01828,6973,1748894399999
1748894400000,0.1302,0.1350,0.1302,0.1342,6958455.3,926355.14866,8006,1748908799999
1748908800000,0.1342,0.1368,0.1340,0.1349,5873114.3,796568.05798,7844,1748923199999
1748923200000,0.1348,0.1353,0.1339,0.1344,4039057.1,543827.28475,5153,1748937599999
1748937600000,0.1343,0.1351,0.1331,0.1346,3786514.5,508300.28044,4277,1748951999999
1748952000000,0.1345,0.1364,0.1341,0.1354,4534503.8,613558.99190,5146,1748966399999
1748966400000,0.1355,0.1365,0.1352,0.1360,3782372.3,513489.01629,5060,1748980799999
1748980800000,0.1360,0.1364,0.1333,0.1341,3581337.2,482437.57405,5667,1748995199999
1748995200000,0.1342,0.1362,0.1334,0.1358,3309247.2,447411.45874,5087,1749009599999
1749009600000,0.1357,0.1360,0.1348,0.1356,2426353.2,328889.34659,3964,1749023999999
1749024000000,0.1356,0.1363,0.1341,0.1341,3951970.8,535218.54577,4858,1749038399999
1749038400000,0.1342,0.1352,0.1324,0.1349,4443740.7,594787.98247,6283,1749052799999
1749052800000,0.1350,0.1351,0.1325,0.1325,3311164.0,443523.30407,4581,1749067199999
1749067200000,0.1326,0.1327,0.1306,0.1319,3080802.2,406152.92831,5442,1749081599999
1749081600000,0.1319,0.1330,0.1312,0.1320,3868583.3,511052.06614,4666,1749095999999
1749096000000,0.1320,0.1349,0.1303,0.1325,7241488.6,961238.84638,7771,1749110399999
1749110400000,0.1325,0.1330,0.1308,0.1316,5739397.7,757711.92589,5898,1749124799999
1749124800000,0.1316,0.1334,0.1296,0.1314,4898128.7,644802.16527,6730,1749139199999
1749139200000,0.1314,0.1316,0.1255,0.1276,11604842.2,1487649.31924,9236,1749153599999
1749153600000,0.1276,0.1281,0.1231,0.1247,11007798.8,1374317.54456,11197,1749167999999
1749168000000,0.1246,0.1263,0.1241,0.1262,3708250.2,464325.91890,5288,1749182399999
1749182400000,0.1262,0.1277,0.1258,0.1271,2786681.2,353164.73473,4379,1749196799999
1749196800000,0.1272,0.1280,0.1268,0.1270,2263352.8,288157.88327,3565,1749211199999
1749211200000,0.1270,0.1316,0.1270,0.1310,6174588.3,800772.33086,7240,1749225599999
1749225600000,0.1311,0.1314,0.1275,0.1283,4375308.4,564615.67441,5423,1749239999999
1749240000000,0.1282,0.1293,0.1277,0.1280,2312207.4,297042.80251,3779,1749254399999
1749254400000,0.1280,0.1306,0.1279,0.1305,2308659.4,298225.22490,4014,1749268799999
1749268800000,0.1305,0.1323,0.1301,0.1321,2157202.1,283350.00381,4903,1749283199999
1749283200000,0.1321,0.1333,0.1317,0.1330,3545407.2,469749.33522,6585,1749297599999
1749297600000,0.1330,0.1337,0.1326,0.1331,4217781.8,561798.45084,4495,1749311999999
1749312000000,0.1331,0.1333,0.1323,0.1327,2407353.2,319589.34668,3762,1749326399999
1749326400000,0.1326,0.1332,0.1322,0.1326,1789085.7,237316.83992,3534,1749340799999
1749340800000,0.1327,0.1331,0.1320,0.1324,2434373.5,322898.83230,3726,1749355199999
1749355200000,0.1324,0.1332,0.1321,0.1322,2004806.7,265938.27405,3508,1749369599999
1749369600000,0.1323,0.1334,0.1314,0.1334,2982013.4,394540.36619,4534,1749383999999
1749384000000,0.1334,0.1348,0.1327,0.1336,3155434.4,421843.96962,10079,1749398399999
1749398400000,0.1336,0.1349,0.1336,0.1347,2471385.9,331895.92115,3971,1749412799999
1749412800000,0.1347,0.1350,0.1325,0.1326,1988182.2,265990.67412,3389,1749427199999
1749427200000,0.1327,0.1328,0.1310,0.1316,3638960.8,480027.23237,6246,1749441599999
1749441600000,0.1316,0.1318,0.1298,0.1308,2980828.3,389907.51032,4734,1749455999999
1749456000000,0.1308,0.1336,0.1303,0.1333,3806201.0,502750.66977,5133,1749470399999
1749470400000,0.1334,0.1343,0.1325,0.1333,3818457.9,509754.89338,5124,1749484799999
1749484800000,0.1333,0.1358,0.1333,0.1351,3777602.7,508453.18495,4540,1749499199999
1749499200000,0.1351,0.1384,0.1348,0.1380,4277546.2,585184.48988,6114,1749513599999
1749513600000,0.1379,0.1394,0.1377,0.1379,4283854.9,592963.41631,6085,1749527999999
1749528000000,0.1379,0.1382,0.1362,0.1376,2954753.7,405642.16896,4608,1749542399999
1749542400000,0.1375,0.1405,0.1367,0.1405,4218621.8,583630.23013,5590,1749556799999
1749556800000,0.1404,0.1424,0.1385,0.1401,6303873.1,886451.18952,8389,1749571199999
1749571200000,0.1402,0.1422,0.1391,0.1413,3748562.9,526432.26220,5711,1749585599999
1749585600000,0.1412,0.1433,0.1407,0.1432,3126478.8,444510.70285,5358,1749599999999
1749600000000,0.1433,0.1433,0.1408,0.1419,3219719.3,456677.86985,5541,1749614399999
1749614400000,0.1418,0.1426,0.1411,0.1417,2602066.0,368855.19151,4030,1749628799999
1749628800000,0.1417,0.1418,0.1389,0.1396,4645468.9,649555.74712,5902,1749643199999
1749643200000,0.1397,0.1425,0.1389,0.1418,6483332.3,914092.20399,7732,1749657599999
1749657600000,0.1418,0.1420,0.1379,0.1380,3562088.9,498876.61852,5469,1749671999999
1749672000000,0.1380,0.1393,0.1356,0.1370,4742883.0,650546.76661,7280,1749686399999
1749686400000,0.1370,0.1370,0.1345,0.1348,3985722.8,541609.94820,6559,1749700799999
1749700800000,0.1347,0.1353,0.1340,0.1343,2760662.3,371734.98028,4786,1749715199999
1749715200000,0.1343,0.1347,0.1319,0.1323,5394500.8,720737.34505,8706,1749729599999
1749729600000,0.1323,0.1350,0.1318,0.1323,4847242.8,647101.67051,8018,1749743999999
1749744000000,0.1322,0.1345,0.1302,0.1306,4214151.0,558957.80394,7642,1749758399999
1749758400000,0.1307,0.1313,0.1288,0.1291,5021863.1,652178.25782,8481,1749772799999
1749772800000,0.1292,0.1293,0.1221,0.1250,21484103.9,2675463.43459,21233,1749787199999
1749787200000,0.1250,0.1250,0.1226,0.1238,6709070.6,829762.60465,8809,1749801599999
1749801600000,0.1237,0.1249,0.1230,0.1243,5370693.1,664722.61230,5305,1749815999999
1749816000000,0.1243,0.1265,0.1231,0.1262,6722694.6,837315.80448,7066,1749830399999
1749830400000,0.1263,0.1278,0.1254,0.1263,10181516.6,1290185.57597,8594,1749844799999
1749844800000,0.1263,0.1281,0.1260,0.1277,2993808.5,381519.60709,4327,1749859199999
1749859200000,0.1277,0.1278,0.1262,0.1266,3614349.2,458524.79814,10583,1749873599999
1749873600000,0.1266,0.1272,0.1259,0.1266,2170021.1,274764.99340,3009,1749887999999
1749888000000,0.1265,0.1270,0.1258,0.1268,1739499.5,219807.65720,8718,1749902399999
1749902400000,0.1268,0.1270,0.1248,0.1251,3142138.0,396017.09326,7720,1749916799999
1749916800000,0.1251,0.1255,0.1235,0.1240,5231472.1,650916.27372,5745,1749931199999
1749931200000,0.1240,0.1263,0.1232,0.1260,2828909.7,352969.48725,4216,1749945599999
1749945600000,0.1259,0.1268,0.1257,0.1264,1375222.8,173494.78792,2734,1749959999999
1749960000000,0.1264,0.1272,0.1252,0.1259,2951002.9,371978.46837,3671,1749974399999
1749974400000,0.1258,0.1265,0.1252,0.1261,2883079.7,362732.53714,3954,1749988799999
1749988800000,0.1260,0.1271,0.1254,0.1261,3245726.7,409933.24633,4575,1750003199999
1750003200000,0.1262,0.1266,0.1246,0.1249,2810190.9,353014.94713,3746,1750017599999
1750017600000,0.1248,0.1258,0.1233,0.1257,3079171.8,383437.95555,4851,1750031999999
1750032000000,0.1256,0.1269,0.1242,0.1262,3570998.6,448821.33014,4896,1750046399999
1750046400000,0.1263,0.1290,0.1260,0.1288,3017482.0,385126.27546,9544,1750060799999
1750060800000,0.1288,0.1296,0.1284,0.1293,2751179.0,355064.52145,3987,1750075199999
1750075200000,0.1292,0.1307,0.1284,0.1299,4339925.1,562485.19213,5494,1750089599999
1750089600000,0.1299,0.1308,0.1295,0.1301,2520293.4,327947.49391,3838,1750103999999
1750104000000,0.1302,0.1306,0.1260,0.1264,5984426.1,768537.78585,7175,1750118399999
1750118400000,0.1264,0.1285,0.1242,0.1278,6228816.3,788287.02973,8332,1750132799999
1750132800000,0.1279,0.1280,0.1261,0.1263,2599692.7,330102.68254,3916,1750147199999
1750147200000,0.1264,0.1265,0.1240,0.1245,3866102.9,483526.76408,5098,1750161599999
1750161600000,0.1245,0.1256,0.1225,0.1233,4554940.1,564912.00851,6376,1750175999999
1750176000000,0.1233,0.1248,0.1215,0.1241,7652942.4,939681.69178,9831,1750190399999
1750190400000,0.1241,0.1245,0.1221,0.1231,3879507.1,477814.93468,5188,1750204799999
1750204800000,0.1231,0.1244,0.1227,0.1235,2792304.0,344845.73673,4522,1750219199999
1750219200000,0.1236,0.1245,0.1228,0.1233,2099542.5,259535.23122,3559,1750233599999
1750233600000,0.1233,0.1237,0.1202,0.1215,4346603.4,529246.66607,5743,1750247999999
1750248000000,0.1215,0.1228,0.1193,0.1221,7073607.4,857474.18924,8898,1750262399999
1750262400000,0.1221,0.1232,0.1208,0.1214,5771390.3,703867.17968,7593,1750276799999
1750276800000,0.1214,0.1239,0.1210,0.1231,3160923.1,388420.36846,4460,1750291199999
1750291200000,0.1232,0.1241,0.1223,0.1235,2751750.1,338621.40011,4316,1750305599999
1750305600000,0.1235,0.1242,0.1228,0.1230,1974752.8,243713.67554,3036,1750319999999
1750320000000,0.1230,0.1241,0.1229,0.1231,2102620.7,259518.64694,4948,1750334399999
1750334400000,0.1232,0.1236,0.1216,0.1219,2862938.5,350558.86200,4360,1750348799999
1750348800000,0.1218,0.1232,0.1207,0.1226,3601296.3,439463.96861,6468,1750363199999
1750363200000,0.1227,0.1234,0.1220,0.1230,2353721.2,289050.30640,3732,1750377599999
1750377600000,0.1230,0.1236,0.1225,0.1231,2805541.6,344992.15876,3802,1750391999999
1750392000000,0.1231,0.1253,0.1218,0.1249,4919552.3,608864.57301,5264,1750406399999
1750406400000,0.1248,0.1262,0.1246,0.1257,5729780.0,718339.50770,6802,1750420799999
1750420800000,0.1258,0.1258,0.1222,0.1226,5962911.0,740109.46180,6871,1750435199999
1750435200000,0.1225,0.1225,0.1182,0.1217,11827918.4,1423580.96225,11656,1750449599999
1750449600000,0.1217,0.1225,0.1202,0.1210,2763055.7,335012.62386,5008,1750463999999
1750464000000,0.1210,0.1223,0.1206,0.1220,2433132.9,295989.63129,4261,1750478399999
1750478400000,0.1221,0.1222,0.1213,0.1217,1710200.5,208280.00917,3002,1750492799999
1750492800000,0.1218,0.1223,0.1213,0.1214,1960842.6,238795.16916,3820,1750507199999
1750507200000,0.1214,0.1218,0.1187,0.1196,3318741.7,397593.45253,4881,1750521599999
1750521600000,0.1196,0.1200,0.1169,0.1170,4475091.7,529431.40949,6274,1750535999999
1750536000000,0.1169,0.1177,0.1136,0.1157,9007967.9,1039633.94541,9446,1750550399999
1750550400000,0.1157,0.1168,0.1136,0.1143,6377169.0,734308.44633,8047,1750564799999
1750564800000,0.1143,0.1154,0.1140,0.1144,4101502.5,470809.26092,4576,1750579199999
1750579200000,0.1144,0.1146,0.1129,0.1140,4454364.1,506889.32343,5549,1750593599999
1750593600000,0.1139,0.1145,0.1097,0.1102,18034743.1,2007077.35351,14420,1750607999999
1750608000000,0.1102,0.1114,0.1094,0.1103,6767401.3,746967.95125,6285,1750622399999
1750622400000,0.1104,0.1124,0.1079,0.1121,10278408.6,1133581.14679,9644,1750636799999
1750636800000,0.1122,0.1131,0.1118,0.1128,3939904.9,442992.26810,5029,1750651199999
1750651200000,0.1128,0.1147,0.1127,0.1142,4054825.6,460230.99138,5068,1750665599999
1750665600000,0.1141,0.1143,0.1130,0.1135,3907332.6,443848.01728,4959,1750679999999
1750680000000,0.1136,0.1184,0.1136,0.1158,16359529.2,1896484.53729,14602,1750694399999
1750694400000,0.1157,0.1186,0.1128,0.1183,12797685.4,1482691.94512,13179,1750708799999
1750708800000,0.1182,0.1228,0.1180,0.1224,9631223.7,1162606.55358,9318,1750723199999
1750723200000,0.1223,0.1232,0.1223,0.1227,5446656.1,668767.32307,6116,1750737599999
1750737600000,0.1227,0.1244,0.1224,0.1230,5927466.1,732254.03894,6594,1750751999999
1750752000000,0.1230,0.1241,0.1221,0.1230,6920129.2,850850.75754,6614,1750766399999
1750766400000,0.1230,0.1241,0.1226,0.1232,5659847.8,697734.52623,6367,1750780799999
1750780800000,0.1233,0.1254,0.1228,0.1235,5586852.3,692133.11814,6613,1750795199999
1750795200000,0.1234,0.1249,0.1233,0.1249,2738228.7,339743.08893,4010,1750809599999
1750809600000,0.1249,0.1254,0.1242,0.1246,3411502.9,425778.17499,4808,1750823999999
1750824000000,0.1246,0.1246,0.1232,0.1240,3051985.4,377852.06468,4145,1750838399999
1750838400000,0.1239,0.1246,0.1221,0.1237,4978761.4,613540.78329,6732,1750852799999
1750852800000,0.1236,0.1242,0.1215,0.1217,6311828.0,776809.82903,7777,1750867199999
1750867200000,0.1217,0.1230,0.1213,0.1228,4221307.9,516077.56646,6791,1750881599999
1750881600000,0.1228,0.1237,0.1219,0.1225,3291185.1,403825.42366,5619,1750895999999
1750896000000,0.1227,0.1252,0.1225,0.1239,5310206.7,657602.97918,7877,1750910399999
1750910400000,0.1239,0.1248,0.1229,0.1246,3671957.4,454546.94442,5440,1750924799999
1750924800000,0.1246,0.1251,0.1221,0.1222,4332697.7,533707.81882,5737,1750939199999
1750939200000,0.1222,0.1224,0.1190,0.1204,7189572.8,866490.88033,9443,1750953599999
1750953600000,0.1203,0.1210,0.1193,0.1206,3526427.1,423225.08129,6112,1750967999999
1750968000000,0.1206,0.1222,0.1198,0.1200,3668304.4,443244.57462,5591,1750982399999
1750982400000,0.1200,0.1219,0.1184,0.1218,4617397.8,555138.93728,5553,1750996799999
1750996800000,0.1217,0.1226,0.1204,0.1207,3061611.9,371897.68645,4527,1751011199999
1751011200000,0.1206,0.1216,0.1202,0.1206,2760349.6,333441.05292,4545,1751025599999
1751025600000,0.1205,0.1220,0.1196,0.1215,5042923.4,607703.09930,6388,1751039999999
1751040000000,0.1216,0.1233,0.1198,0.1208,3147037.0,381749.70826,5085,1751054399999
1751054400000,0.1208,0.1224,0.1206,0.1223,1641254.1,199802.15042,3136,1751068799999
1751068800000,0.1223,0.1235,0.1222,0.1228,2476455.7,304233.41179,5409,1751083199999
1751083200000,0.1227,0.1231,0.1224,0.1230,1595668.0,195834.15292,3090,1751097599999
1751097600000,0.1231,0.1244,0.1223,0.1237,2613496.3,322238.41350,4489,1751111999999
1751112000000,0.1237,0.1253,0.1232,0.1252,2632246.1,326507.02795,4789,1751126399999
1751126400000,0.1251,0.1259,0.1246,0.1256,5241850.6,656540.39426,5426,1751140799999
1751140800000,0.1256,0.1278,0.1254,0.1276,3688882.6,467611.19446,5206,1751155199999
1751155200000,0.1277,0.1280,0.1262,0.1268,4224877.1,537295.50911,5140,1751169599999
1751169600000,0.1267,0.1280,0.1265,0.1280,2065143.8,262645.13649,5212,1751183999999
1751184000000,0.1280,0.1287,0.1277,0.1281,2701142.9,346134.19540,4682,1751198399999
1751198400000,0.1282,0.1283,0.1258,0.1263,2887452.2,367140.47541,6260,1751212799999
1751212800000,0.1263,0.1277,0.1259,0.1277,1970637.5,250013.19622,4000,1751227199999
1751227200000,0.1276,0.1319,0.1273,0.1306,6561143.9,853162.53655,7715,1751241599999
1751241600000,0.1305,0.1316,0.1293,0.1295,3888658.4,506858.68064,5268,1751255999999
1751256000000,0.1296,0.1296,0.1274,0.1291,2281598.6,293713.66257,4370,1751270399999
1751270400000,0.1291,0.1291,0.1279,0.1284,3850526.4,494323.88887,4482,1751284799999
1751284800000,0.1285,0.1289,0.1260,0.1275,7376717.5,939631.99045,8219,1751299199999
1751299200000,0.1276,0.1300,0.1274,0.1297,2961763.5,380309.83427,5897,1751313599999
1751313600000,0.1296,0.1297,0.1281,0.1284,2025227.1,260984.02882,4615,1751327999999
1751328000000,0.1283,0.1293,0.1267,0.1270,3040971.9,389096.28648,5175,1751342399999
1751342400000,0.1269,0.1270,0.1234,0.1247,4411187.0,551190.19976,6998,1751356799999
1751356800000,0.1247,0.1247,0.1226,0.1228,4536992.4,561654.97106,6596,1751371199999
1751371200000,0.1229,0.1233,0.1210,0.1218,8365972.7,1019642.93539,10047,1751385599999
1751385600000,0.1219,0.1223,0.1202,0.1207,4381827.6,531059.92112,6088,1751399999999
1751400000000,0.1208,0.1219,0.1201,0.1212,3963414.4,479902.46159,5002,1751414399999
1751414400000,0.1211,0.1218,0.1194,0.1212,3934229.9,475415.31426,4851,1751428799999
1751428800000,0.1212,0.1247,0.1210,0.1242,5202285.8,641656.57480,6104,1751443199999
1751443200000,0.1242,0.1243,0.1229,0.1233,2919814.5,361044.28555,4305,1751457599999
1751457600000,0.1234,0.1269,0.1230,0.1267,3702091.3,462074.51445,6097,1751471999999
1751472000000,0.1267,0.1315,0.1267,0.1310,11197443.4,1455059.47656,11412,1751486399999
1751486400000,0.1310,0.1318,0.1294,0.1297,4225285.8,552533.64000,6287,1751500799999
1751500800000,0.1297,0.1309,0.1294,0.1300,3686897.1,480106.60277,6026,1751515199999
1751515200000,0.1300,0.1321,0.1300,0.1318,3086537.5,405410.18275,5186,1751529599999
1751529600000,0.1319,0.1320,0.1294,0.1300,3036112.7,397395.60524,5317,1751543999999
1751544000000,0.1299,0.1317,0.1283,0.1285,5864809.2,763876.89956,8294,1751558399999
1751558400000,0.1285,0.1302,0.1285,0.1298,2679921.8,346502.43651,4588,1751572799999
1751572800000,0.1299,0.1303,0.1294,0.1296,1368121.6,177765.32337,2953,1751587199999
1751587200000,0.1296,0.1304,0.1283,0.1289,3173249.5,410588.43479,4902,1751601599999
1751601600000,0.1290,0.1290,0.1255,0.1259,3922446.6,499008.05962,6263,1751615999999
1751616000000,0.1258,0.1285,0.1252,0.1280,7634586.2,971178.02658,9060,1751630399999
1751630400000,0.1281,0.1294,0.1255,0.1258,7359575.9,939975.76279,9328,1751644799999
1751644800000,0.1258,0.1260,0.1233,0.1235,5053048.9,628070.62408,7432,1751659199999
1751659200000,0.1235,0.1245,0.1233,0.1238,3006602.6,372170.79849,4763,1751673599999
1751673600000,0.1238,0.1249,0.1235,0.1241,4013734.1,498636.96701,5003,1751687999999
1751688000000,0.1241,0.1247,0.1233,0.1238,2394506.9,296887.88911,4263,1751702399999
1751702400000,0.1239,0.1243,0.1224,0.1237,5504694.4,679595.43265,4945,1751716799999
1751716800000,0.1237,0.1238,0.1227,0.1228,3625401.5,446842.88183,4470,1751731199999
1751731200000,0.1228,0.1237,0.1211,0.1218,4812370.9,589061.55970,6167,1751745599999
1751745600000,0.1219,0.1242,0.1218,0.1236,2752988.0,339166.56302,4086,1751759999999
1751760000000,0.1237,0.1243,0.1232,0.1236,3383669.1,418841.62010,4155,1751774399999
1751774400000,0.1235,0.1243,0.1235,0.1235,3065388.8,379564.03701,3615,1751788799999
1751788800000,0.1235,0.1243,0.1226,0.1242,2593363.0,319930.52685,3641,1751803199999
1751803200000,0.1242,0.1268,0.1239,0.1261,3718466.3,466891.99462,5107,1751817599999
1751817600000,0.1262,0.1272,0.1251,0.1259,3163732.6,399354.92093,4382,1751831999999
1751832000000,0.1259,0.1278,0.1257,0.1264,2570084.2,326013.12065,4373,1751846399999
1751846400000,0.1264,0.1280,0.1256,0.1272,2581162.9,327388.98671,4221,1751860799999
1751860800000,0.1272,0.1275,0.1256,0.1274,2053150.7,260117.11756,3883,1751875199999
1751875200000,0.1273,0.1274,0.1257,0.1261,2645827.4,334425.90141,4048,1751889599999
1751889600000,0.1261,0.1271,0.1253,0.1262,3500313.0,441479.14296,5106,1751903999999
1751904000000,0.1261,0.1270,0.1247,0.1261,4259667.0,536247.63563,6022,1751918399999
1751918400000,0.1261,0.1263,0.1248,0.1262,4029955.2,506298.94019,5289,1751932799999
1751932800000,0.1262,0.1267,0.1248,0.1251,3150842.5,395680.38327,4841,1751947199999
1751947200000,0.1251,0.1261,0.1247,0.1260,1623548.5,203603.22519,2875,1751961599999
1751961600000,0.1260,0.1277,0.1255,0.1275,2389505.3,302528.40160,3703,1751975999999
1751976000000,0.1274,0.1281,0.1259,0.1262,3269765.3,415411.40235,4536,1751990399999
1751990400000,0.1262,0.1296,0.1260,0.1291,3799876.8,487424.77282,5167,1752004799999
1752004800000,0.1291,0.1293,0.1283,0.1290,2126375.4,273920.90702,3618,1752019199999
1752019200000,0.1291,0.1293,0.1274,0.1283,3574852.3,458864.84137,4893,1752033599999
1752033600000,0.1282,0.1309,0.1280,0.1306,2888673.3,374020.36059,4741,1752047999999
1752048000000,0.1307,0.1318,0.1304,0.1311,2631471.3,344896.53884,5151,1752062399999
1752062400000,0.1311,0.1326,0.1308,0.1312,3890865.4,511246.20218,5454,1752076799999
1752076800000,0.1313,0.1343,0.1307,0.1340,4358645.9,576638.09210,8406,1752091199999
1752091200000,0.1340,0.1350,0.1337,0.1345,5150591.2,692335.13355,6095,1752105599999
1752105600000,0.1345,0.1352,0.1333,0.1348,4635203.5,621772.47330,5267,1752119999999
1752120000000,0.1348,0.1349,0.1336,0.1341,3141809.9,422034.87181,4208,1752134399999
1752134400000,0.1340,0.1354,0.1336,0.1347,5644969.1,760495.79033,5024,1752148799999
1752148800000,0.1347,0.1350,0.1335,0.1337,4005935.3,537829.26019,6132,1752163199999
1752163200000,0.1338,0.1376,0.1337,0.1367,5022374.1,684544.86025,6779,1752177599999
1752177600000,0.1368,0.1425,0.1366,0.1418,10753883.3,1511061.52468,13999,1752191999999
1752192000000,0.1418,0.1439,0.1393,0.1437,6273131.5,889532.24567,8802,1752206399999
1752206400000,0.1436,0.1465,0.1420,0.1430,9329910.5,1345991.92157,12883,1752220799999
1752220800000,0.1431,0.1457,0.1430,0.1438,5110401.7,738412.49516,7067,1752235199999
1752235200000,0.1438,0.1483,0.1434,0.1443,9507756.6,1388320.29765,13670,1752249599999
1752249600000,0.1444,0.1484,0.1442,0.1481,17452257.7,2564476.68308,19152,1752263999999
1752264000000,0.1481,0.1481,0.1414,0.1441,7624680.9,1100780.20682,11028,1752278399999
1752278400000,0.1441,0.1463,0.1413,0.1460,6379141.1,922930.61758,7719,1752292799999
1752292800000,0.1461,0.1542,0.1443,0.1530,33027115.2,4968412.73118,32075,1752307199999
1752307200000,0.1529,0.1574,0.1478,0.1492,22932449.0,3455248.24509,24091,1752321599999
1752321600000,0.1493,0.1502,0.1432,0.1442,12785436.0,1872276.67540,19965,1752335999999
1752336000000,0.1443,0.1472,0.1438,0.1470,3914310.3,570800.53519,6903,1752350399999
1752350400000,0.1470,0.1477,0.1447,0.1475,2951154.3,432209.18871,5944,1752364799999
1752364800000,0.1475,0.1494,0.1462,0.1483,7998536.2,1182878.96684,11257,1752379199999
1752379200000,0.1482,0.1507,0.1475,0.1504,4450225.1,663609.77380,8481,1752393599999
1752393600000,0.1504,0.1506,0.1479,0.1497,4290504.0,639101.30494,7392,1752407999999
1752408000000,0.1498,0.1533,0.1493,0.1515,4833886.1,731334.95876,9232,1752422399999
1752422400000,0.1516,0.1528,0.1499,0.1513,3219297.1,488080.93067,6685,1752436799999
1752436800000,0.1513,0.1525,0.1483,0.1508,3813138.1,572397.23479,8164,1752451199999
1752451200000,0.1509,0.1552,0.1500,0.1543,5463080.8,833211.83614,11398,1752465599999
1752465600000,0.1543,0.1576,0.1528,0.1560,12526875.1,1945114.19236,17834,1752479999999
1752480000000,0.1560,0.1574,0.1535,0.1544,12139222.0,1888168.87633,16265,1752494399999
1752494400000,0.1544,0.1563,0.1517,0.1525,11784009.7,1814749.89489,17253,1752508799999
1752508800000,0.1526,0.1541,0.1500,0.1504,5790743.7,880429.32472,12850,1752523199999
1752523200000,0.1505,0.1519,0.1487,0.1516,3628827.2,546876.21966,8617,1752537599999
1752537600000,0.1515,0.1526,0.1457,0.1473,7276214.9,1084875.97559,12181,1752551999999
1752552000000,0.1473,0.1500,0.1458,0.1473,6467186.8,960161.94886,8910,1752566399999
1752566400000,0.1473,0.1487,0.1461,0.1486,5488089.2,808867.88394,8562,1752580799999
1752580800000,0.1486,0.1505,0.1458,0.1491,7873619.6,1168615.95030,11566,1752595199999
1752595200000,0.1492,0.1539,0.1491,0.1500,6961723.6,1055461.05958,11132,1752609599999
1752609600000,0.1500,0.1552,0.1496,0.1551,4147927.6,633265.21163,7435,1752623999999
1752624000000,0.1551,0.1558,0.1522,0.1529,3973038.3,613293.54596,6781,1752638399999
1752638400000,0.1529,0.1555,0.1517,0.1546,3215505.5,494236.88055,5684,1752652799999
1752652800000,0.1546,0.1551,0.1530,0.1536,3634545.0,559189.76015,5933,1752667199999
1752667200000,0.1535,0.1565,0.1529,0.1546,6252626.5,965923.34921,9956,1752681599999
1752681600000,0.1546,0.1590,0.1541,0.1567,7212091.4,1130498.74802,9842,1752695999999
1752696000000,0.1568,0.1595,0.1560,0.1568,6272850.0,991096.86064,9578,1752710399999
1752710400000,0.1569,0.1581,0.1529,0.1538,6149561.1,955270.96227,10065,1752724799999
1752724800000,0.1537,0.1573,0.1533,0.1569,4843021.3,752814.88380,16287,1752739199999
1752739200000,0.1568,0.1590,0.1561,0.1567,5130708.2,808097.45110,16995,1752753599999
1752753600000,0.1566,0.1573,0.1537,0.1558,5218738.3,813647.45508,15687,1752767999999
1752768000000,0.1558,0.1565,0.1523,0.1541,5659147.9,875274.46609,13147,1752782399999
1752782400000,0.1542,0.1601,0.1525,0.1583,8405470.7,1320037.43875,12140,1752796799999
1752796800000,0.1583,0.1626,0.1577,0.1625,5538146.5,889527.55813,9109,1752811199999
1752811200000,0.1624,0.1662,0.1617,0.1628,8887585.8,1461716.55939,11108,1752825599999
1752825600000,0.1627,0.1654,0.1619,0.1633,5776089.3,943626.58230,9963,1752839999999
1752840000000,0.1633,0.1652,0.1590,0.1602,10806446.6,1753049.48627,13709,1752854399999
1752854400000,0.1602,0.1628,0.1593,0.1608,5875289.5,947152.23802,9470,1752868799999
1752868800000,0.1608,0.1616,0.1563,0.1599,8338256.3,1327921.76600,12870,1752883199999
1752883200000,0.1600,0.1616,0.1559,0.1616,5064816.0,803963.83934,9032,1752897599999
1752897600000,0.1616,0.1630,0.1596,0.1598,4466074.6,720082.41684,8096,1752911999999
1752912000000,0.1599,0.1604,0.1575,0.1578,3771021.9,599196.51938,7771,1752926399999
1752926400000,0.1579,0.1585,0.1552,0.1567,4182751.2,656615.75539,7951,1752940799999
1752940800000,0.1567,0.1625,0.1565,0.1622,5440789.1,866098.29265,9091,1752955199999
1752955200000,0.1623,0.1640,0.1608,0.1631,8454523.9,1371950.05056,9672,1752969599999
1752969600000,0.1630,0.1661,0.1629,0.1647,6898050.7,1131221.72422,9617,1752983999999
1752984000000,0.1646,0.1674,0.1640,0.1666,5221409.0,865147.57518,8613,1752998399999
1752998400000,0.1666,0.1685,0.1662,0.1682,4533652.5,758221.73569,7511,1753012799999
1753012800000,0.1682,0.1701,0.1663,0.1698,5853084.0,984058.05594,10562,1753027199999
1753027200000,0.1699,0.1725,0.1691,0.1699,8778062.5,1498536.11861,19456,1753041599999
1753041600000,0.1699,0.1702,0.1641,0.1680,9493200.4,1589798.63990,17914,1753055999999
1753056000000,0.1681,0.1709,0.1643,0.1705,10291476.5,1724541.70915,15441,1753070399999
1753070400000,0.1705,0.1714,0.1690,0.1704,6444440.3,1098112.79895,8803,1753084799999
1753084800000,0.1705,0.1725,0.1689,0.1716,7042569.0,1202926.69733,8988,1753099199999
1753099200000,0.1716,0.1735,0.1695,0.1701,8166756.8,1397787.12418,12667,1753113599999
1753113600000,0.1701,0.1711,0.1665,0.1675,9976869.0,1684679.79803,14060,1753127999999
1753128000000,0.1675,0.1706,0.1670,0.1694,5499364.0,928545.66778,9790,1753142399999
1753142400000,0.1693,0.1702,0.1638,0.1664,10989277.2,1836877.62534,16372,1753156799999
1753156800000,0.1665,0.1667,0.1622,0.1649,8708629.3,1430959.29203,14601,1753171199999
1753171200000,0.1649,0.1669,0.1612,0.1664,9139494.0,1499221.71220,14261,1753185599999
1753185600000,0.1664,0.1703,0.1628,0.1689,19261667.7,3211338.40015,23501,1753199999999
1753200000000,0.1690,0.1706,0.1665,0.1673,7658001.0,1291870.02136,12870,1753214399999
1753214400000,0.1672,0.1714,0.1667,0.1709,4301015.0,729395.46194,8474,1753228799999
1753228800000,0.1709,0.1709,0.1677,0.1692,5329224.9,900664.88732,9523,1753243199999
1753243200000,0.1692,0.1725,0.1686,0.1698,5567906.2,952189.75151,9610,1753257599999
1753257600000,0.1698,0.1718,0.1678,0.1693,7535671.2,1276453.54028,10551,1753271999999
1753272000000,0.1693,0.1700,0.1597,0.1625,16124459.0,2637510.22938,21224,1753286399999
1753286400000,0.1625,0.1626,0.1564,0.1582,10608470.4,1682859.43839,14564,1753300799999
1753300800000,0.1581,0.1592,0.1526,0.1574,11869264.8,1851349.69185,15655,1753315199999
1753315200000,0.1574,0.1597,0.1570,0.1577,5627187.7,890544.82758,12071,1753329599999
1753329600000,0.1578,0.1583,0.1465,0.1512,17173953.7,2597477.28014,21209,1753343999999
1753344000000,0.1511,0.1539,0.1500,0.1536,7686189.1,1168757.39478,10121,1753358399999
1753358400000,0.1536,0.1585,0.1502,0.1563,15024142.6,2326405.00310,22623,1753372799999
1753372800000,0.1563,0.1586,0.1523,0.1553,15293664.7,2387013.38966,20789,1753387199999
1753387200000,0.1554,0.1564,0.1524,0.1529,5244169.1,809196.32523,9452,1753401599999
1753401600000,0.1529,0.1541,0.1484,0.1501,8264460.1,1251462.56204,12256,1753415999999
1753416000000,0.1500,0.1521,0.1486,0.1508,5198245.3,781599.04313,8215,1753430399999
1753430400000,0.1507,0.1548,0.1502,0.1542,6014598.2,918558.01094,9754,1753444799999
1753444800000,0.1542,0.1550,0.1488,0.1506,5319804.2,809392.31455,8987,1753459199999
1753459200000,0.1506,0.1530,0.1498,0.1522,2594735.7,393589.20952,5923,1753473599999
1753473600000,0.1521,0.1559,0.1520,0.1554,3147324.6,487159.84949,13628,1753487999999
1753488000000,0.1553,0.1575,0.1549,0.1568,3446733.3,537935.79122,8560,1753502399999
1753502400000,0.1568,0.1603,0.1561,0.1600,8593042.1,1357693.20769,8909,1753516799999
1753516800000,0.1600,0.1618,0.1591,0.1607,5996051.2,961156.26247,8924,1753531199999
1753531200000,0.1607,0.1670,0.1602,0.1630,15582819.1,2545334.41915,19130,1753545599999
1753545600000,0.1631,0.1646,0.1611,0.1643,4902705.9,798715.36281,7979,1753559999999
1753560000000,0.1644,0.1655,0.1636,0.1639,4903442.4,805659.49636,9293,1753574399999
1753574400000,0.1638,0.1649,0.1629,0.1630,5322330.0,873076.03952,7792,1753588799999
1753588800000,0.1631,0.1645,0.1627,0.1643,4076406.4,666319.61974,6026,1753603199999
1753603200000,0.1643,0.1646,0.1624,0.1628,3321572.1,543208.68760,6091,1753617599999
1753617600000,0.1628,0.1643,0.1620,0.1636,3551318.8,579654.42889,6469,1753631999999
1753632000000,0.1636,0.1659,0.1635,0.1652,4773328.5,787264.08431,6984,1753646399999
1753646400000,0.1652,0.1680,0.1652,0.1671,4353329.1,725460.12004,6666,1753660799999
1753660800000,0.1672,0.1686,0.1655,0.1680,4911808.9,821834.82769,9386,1753675199999
1753675200000,0.1680,0.1693,0.1660,0.1667,3657856.9,614017.56529,7262,1753689599999
1753689600000,0.1667,0.1747,0.1663,0.1729,17277681.1,2959741.28852,22922,1753703999999
1753704000000,0.1729,0.1733,0.1642,0.1652,13155247.7,2224058.53843,19217,1753718399999
1753718400000,0.1652,0.1655,0.1603,0.1611,7504409.2,1223721.01944,11363,1753732799999
1753732800000,0.1612,0.1615,0.1582,0.1590,5769717.0,920921.17684,8584,1753747199999
1753747200000,0.1591,0.1596,0.1549,0.1578,7906305.8,1243248.71339,12124,1753761599999
1753761600000,0.1579,0.1755,0.1570,0.1658,38134970.8,6386936.30313,37017,1753775999999
1753776000000,0.1659,0.1673,0.1597,0.1663,14604625.2,2385716.11871,17140,1753790399999
1753790400000,0.1663,0.1689,0.1619,0.1634,24438281.5,4050248.13855,24326,1753804799999
1753804800000,0.1635,0.1694,0.1627,0.1634,15628410.9,2595603.79366,19950,1753819199999
1753819200000,0.1634,0.1701,0.1613,0.1699,9043676.3,1491339.39068,15244,1753833599999
1753833600000,0.1699,0.1702,0.1641,0.1652,10941082.9,1822529.57604,14676,1753847999999
1753848000000,0.1652,0.1676,0.1609,0.1665,19088600.6,3136030.06441,19930,1753862399999
1753862400000,0.1664,0.1702,0.1621,0.1633,20897682.0,3484323.22582,30469,1753876799999
1753876800000,0.1634,0.1688,0.1612,0.1678,20201113.7,3356138.34196,23534,1753891199999
1753891200000,0.1679,0.1692,0.1600,0.1660,16647229.8,2741135.13075,18880,1753905599999
1753905600000,0.1660,0.1684,0.1650,0.1674,8587147.4,1431924.69986,12233,1753919999999
1753920000000,0.1674,0.1813,0.1669,0.1805,36470585.2,6399567.60959,36211,1753934399999
1753934400000,0.1804,0.1849,0.1692,0.1721,62080217.6,10951231.04247,64604,1753948799999
1753948800000,0.1721,0.1739,0.1694,0.1700,17010167.1,2918068.62682,31406,1753963199999
1753963200000,0.1700,0.1701,0.1621,0.1641,24202661.6,3985446.39668,23829,1753977599999
1753977600000,0.1640,0.1671,0.1611,0.1614,12902617.7,2117946.42342,23885,1753991999999
1753992000000,0.1614,0.1616,0.1549,0.1553,17309900.5,2729383.59941,29202,1754006399999
1754006400000,0.1553,0.1561,0.1510,0.1536,17441214.8,2675923.29442,20943,1754020799999
1754020800000,0.1536,0.1537,0.1496,0.1501,11706123.9,1772554.63921,14936,1754035199999
1754035200000,0.1501,0.1509,0.1472,0.1507,13814989.8,2058615.59332,15339,1754049599999
1754049600000,0.1507,0.1522,0.1472,0.1517,13218656.6,1989576.42992,17111,1754063999999
1754064000000,0.1516,0.1528,0.1480,0.1513,8732770.0,1312509.63914,15277,1754078399999
1754078400000,0.1512,0.1517,0.1444,0.1480,11639819.5,1719098.31069,15964,1754092799999
1754092800000,0.1479,0.1502,0.1474,0.1498,4356260.6,648051.80432,10788,1754107199999
1754107200000,0.1499,0.1511,0.1448,0.1477,8272432.7,1223422.05131,12745,1754121599999
1754121600000,0.1478,0.1482,0.1443,0.1471,5950904.6,867877.16413,12120,1754135999999
1754136000000,0.1471,0.1483,0.1442,0.1446,5802923.2,848614.64306,12055,1754150399999
1754150400000,0.1447,0.1457,0.1414,0.1432,8228889.7,1179405.84167,13443,1754164799999
1754164800000,0.1432,0.1452,0.1428,0.1441,4572788.7,657944.31221,7965,1754179199999
1754179200000,0.1440,0.1468,0.1426,0.1459,6134811.8,890996.06453,7712,1754193599999
1754193600000,0.1458,0.1466,0.1453,0.1462,2390051.6,348758.43825,4135,1754207999999
1754208000000,0.1462,0.1477,0.1457,0.1469,2859685.0,419285.91801,4693,1754222399999
1754222400000,0.1469,0.1475,0.1456,0.1464,3299899.5,483278.07532,5071,1754236799999
1754236800000,0.1464,0.1466,0.1431,0.1450,7551613.0,1092539.98032,9886,1754251199999
1754251200000,0.1450,0.1468,0.1445,0.1454,3666655.3,532582.27826,5703,1754265599999
1754265600000,0.1454,0.1482,0.1449,0.1471,3999920.2,587059.43893,6679,1754279999999
1754280000000,0.1471,0.1484,0.1459,0.1478,2752802.1,404869.39057,5110,1754294399999
1754294400000,0.1479,0.1486,0.1459,0.1466,3572794.8,526504.49182,5385,1754308799999
1754308800000,0.1466,0.1513,0.1465,0.1502,7010161.6,1047997.79758,9153,1754323199999
1754323200000,0.1503,0.1524,0.1501,0.1508,5642141.5,852992.76627,7252,1754337599999
1754337600000,0.1509,0.1542,0.1503,0.1538,5765391.4,880227.23793,8272,1754351999999
1754352000000,0.1537,0.1545,0.1511,0.1512,5342748.7,817364.56628,6802,1754366399999
1754366400000,0.1513,0.1517,0.1480,0.1484,4924180.1,739157.40870,6703,1754380799999
1754380800000,0.1483,0.1535,0.1482,0.1532,4096679.3,618982.21160,6842,1754395199999
1754395200000,0.1533,0.1535,0.1472,0.1478,7262317.3,1091334.88041,11485,1754409599999
1754409600000,0.1478,0.1492,0.1467,0.1473,3046059.9,450993.38989,7394,1754423999999
1754424000000,0.1473,0.1487,0.1451,0.1486,3732294.2,549545.38682,7252,1754438399999
1754438400000,0.1486,0.1486,0.1448,0.1450,4602493.8,672416.55556,7342,1754452799999
1754452800000,0.1450,0.1491,0.1442,0.1490,5613053.0,826974.50533,8263,1754467199999
1754467200000,0.1489,0.1492,0.1473,0.1483,4300848.0,637956.91051,6375,1754481599999
1754481600000,0.1483,0.1506,0.1462,0.1504,4985576.8,738771.51955,8684,1754495999999
1754496000000,0.1503,0.1523,0.1489,0.1506,4097568.8,617714.56189,7068,1754510399999
1754510400000,0.1507,0.1512,0.1499,0.1506,1438827.5,216575.74892,3227,1754524799999
1754524800000,0.1506,0.1516,0.1497,0.1499,2160603.8,325234.60433,4495,1754539199999
1754539200000,0.1498,0.1506,0.1476,0.1486,5724612.5,850431.06499,7312,1754553599999
1754553600000,0.1486,0.1528,0.1470,0.1524,10758673.2,1608957.65654,10489,1754567999999
1754568000000,0.1523,0.1526,0.1491,0.1497,5125442.0,772506.42108,7205,1754582399999
1754582400000,0.1496,0.1504,0.1463,0.1501,7631779.7,1131842.11730,9574,1754596799999
1754596800000,0.1502,0.1528,0.1496,0.1527,5964420.7,900074.28176,8843,1754611199999
1754611200000,0.1527,0.1550,0.1505,0.1525,17654151.6,2687420.16855,23612,1754625599999
1754625600000,0.1526,0.1526,0.1508,0.1522,4380194.8,664265.10019,7609,1754639999999
1754640000000,0.1522,0.1531,0.1514,0.1529,3187034.8,485052.50510,5275,1754654399999
1754654400000,0.1529,0.1547,0.1504,0.1516,4859809.6,740812.45780,9522,1754668799999
1754668800000,0.1516,0.1551,0.1515,0.1549,3841710.3,590697.69582,7164,1754683199999
1754683200000,0.1550,0.1561,0.1544,0.1554,3377174.5,524370.38811,5078,1754697599999
1754697600000,0.1554,0.1564,0.1550,0.1560,2450953.3,381830.00147,4891,1754711999999
1754712000000,0.1561,0.1602,0.1558,0.1600,4248207.8,673050.22702,7621,1754726399999
1754726400000,0.1601,0.1605,0.1593,0.1596,4248022.5,679722.33781,5297,1754740799999
1754740800000,0.1596,0.1609,0.1577,0.1590,3938491.6,627627.46121,6282,1754755199999
1754755200000,0.1591,0.1609,0.1590,0.1606,2239320.1,357966.66471,4597,1754769599999
1754769600000,0.1605,0.1618,0.1588,0.1591,3671534.4,588358.59255,6393,1754783999999
1754784000000,0.1591,0.1616,0.1588,0.1610,4825104.1,772664.42332,8031,1754798399999
1754798400000,0.1609,0.1617,0.1559,0.1563,5103156.0,811756.62705,8591,1754812799999
1754812800000,0.1564,0.1578,0.1548,0.1554,5158428.7,806651.28896,10140,1754827199999
1754827200000,0.1553,0.1570,0.1540,0.1559,4809942.8,748587.68330,10906,1754841599999
1754841600000,0.1560,0.1579,0.1557,0.1576,3459209.3,542103.91034,6195,1754855999999
1754856000000,0.1576,0.1577,0.1549,0.1568,2685123.0,419996.13382,7126,1754870399999
1754870400000,0.1569,0.1603,0.1559,0.1594,4628270.4,733986.65316,7969,1754884799999
1754884800000,0.1594,0.1603,0.1561,0.1563,3725772.4,590720.01843,6119,1754899199999
1754899200000,0.1563,0.1573,0.1499,0.1504,8376850.4,1290593.89310,13808,1754913599999
1754913600000,0.1505,0.1530,0.1487,0.1524,13341780.9,2009411.66097,18241,1754927999999
1754928000000,0.1524,0.1540,0.1491,0.1500,7017903.8,1066128.22082,11406,1754942399999
1754942400000,0.1499,0.1499,0.1460,0.1474,6560006.1,969570.60323,9825,1754956799999
1754956800000,0.1473,0.1496,0.1470,0.1479,3730506.4,553688.08848,7625,1754971199999
1754971200000,0.1479,0.1489,0.1460,0.1479,3282987.2,484476.43179,6250,1754985599999
1754985600000,0.1480,0.1480,0.1438,0.1456,9936906.1,1443574.22269,11944,1754999999999
1755000000000,0.1457,0.1524,0.1447,0.1522,9761861.9,1450284.18142,13763,1755014399999
1755014400000,0.1522,0.1548,0.1516,0.1544,7120322.5,1092158.98243,10730,1755028799999
1755028800000,0.1545,0.1562,0.1542,0.1550,4918252.8,763397.14231,7869,1755043199999
1755043200000,0.1549,0.1577,0.1538,0.1572,7318342.6,1139555.98944,10206,1755057599999
1755057600000,0.1572,0.1579,0.1552,0.1577,4139747.5,647931.64595,7186,1755071999999
1755072000000,0.1577,0.1614,0.1576,0.1606,5055694.2,807381.14312,8257,1755086399999
1755086400000,0.1607,0.1617,0.1582,0.1608,10717251.1,1715635.96970,14227,1755100799999
1755100800000,0.1608,0.1648,0.1605,0.1621,13480050.4,2188285.23553,17651,1755115199999
1755115200000,0.1622,0.1646,0.1609,0.1639,5568164.1,906552.68488,9880,1755129599999
1755129600000,0.1640,0.1659,0.1620,0.1653,5432406.8,891220.05391,9315,1755143999999
1755144000000,0.1652,0.1661,0.1609,0.1621,5416613.6,884588.22186,12464,1755158399999
1755158400000,0.1621,0.1622,0.1584,0.1597,5851059.0,936448.81609,9600,1755172799999
1755172800000,0.1596,0.1607,0.1490,0.1510,20291927.1,3119069.52633,24169,1755187199999
1755187200000,0.1509,0.1510,0.1467,0.1484,7819880.5,1163014.41311,11404,1755201599999
1755201600000,0.1484,0.1486,0.1457,0.1482,5523994.1,813472.53484,8478,1755215999999
1755216000000,0.1482,0.1560,0.1461,0.1507,43921050.3,6618650.59788,32946,1755230399999
1755230400000,0.1507,0.1517,0.1494,0.1509,6703547.2,1008797.64878,10068,1755244799999
1755244800000,0.1509,0.1513,0.1484,0.1486,4514449.5,675808.36639,8332,1755259199999
1755259200000,0.1486,0.1505,0.1428,0.1438,12190793.8,1790220.42060,17445,1755273599999
1755273600000,0.1439,0.1466,0.1424,0.1447,7333552.2,1060607.71861,10448,1755287999999
1755288000000,0.1446,0.1487,0.1444,0.1477,6217945.9,914783.99952,8487,1755302399999
1755302400000,0.1476,0.1541,0.1473,0.1520,22184404.1,3354100.52830,20364,1755316799999
1755316800000,0.1521,0.1730,0.1520,0.1657,127486919.6,21088302.12965,129906,1755331199999
1755331200000,0.1657,0.1684,0.1601,0.1607,55574926.0,9135043.29891,50985,1755345599999
1755345600000,0.1608,0.1720,0.1607,0.1710,49808009.9,8198697.01858,45220,1755359999999
1755360000000,0.1710,0.1785,0.1670,0.1676,88350051.7,15258002.18385,80438,1755374399999
1755374400000,0.1675,0.1727,0.1673,0.1685,31905115.8,5423164.68969,34570,1755388799999
1755388800000,0.1686,0.1695,0.1645,0.1661,22707361.2,3781718.49083,33057,1755403199999
1755403200000,0.1660,0.1673,0.1648,0.1650,14208915.9,2360902.96713,19210,1755417599999
1755417600000,0.1650,0.1663,0.1637,0.1643,13987960.0,2310276.15977,18597,1755431999999
1755432000000,0.1644,0.1657,0.1633,0.1657,12131336.0,1994687.60640,21601,1755446399999
1755446400000,0.1656,0.1658,0.1596,0.1600,15229763.2,2478416.11263,17800,1755460799999
1755460800000,0.1601,0.1618,0.1597,0.1601,8936566.8,1435334.52685,11722,1755475199999
1755475200000,0.1600,0.1606,0.1546,0.1565,16514217.0,2605179.22259,22686,1755489599999
1755489600000,0.1565,0.1569,0.1535,0.1550,7692122.4,1195217.98073,12680,1755503999999
1755504000000,0.1549,0.1559,0.1530,0.1554,8721826.3,1349121.85748,10235,1755518399999
1755518400000,0.1554,0.1565,0.1537,0.1555,9025391.6,1400515.87609,12429,1755532799999
1755532800000,0.1555,0.1558,0.1531,0.1532,5969914.7,920867.91306,9297,1755547199999
1755547200000,0.1532,0.1555,0.1523,0.1531,7065046.1,1087127.61513,9858,1755561599999
1755561600000,0.1530,0.1550,0.1507,0.1515,8425344.2,1286014.89720,12842,1755575999999
1755576000000,0.1515,0.1521,0.1498,0.1510,6027306.6,909686.86258,9907,1755590399999
1755590400000,0.1511,0.1548,0.1500,0.1546,9303103.5,1418621.20031,10017,1755604799999
1755604800000,0.1546,0.1547,0.1498,0.1504,8640622.9,1314311.37753,12668,1755619199999
1755619200000,0.1504,0.1509,0.1470,0.1480,8530154.5,1270509.25877,13860,1755633599999
1755633600000,0.1479,0.1495,0.1468,0.1471,5041830.0,748191.12838,8217,1755647999999
1755648000000,0.1470,0.1499,0.1461,0.1491,6133285.2,907737.76427,9165,1755662399999
1755662400000,0.1492,0.1502,0.1484,0.1485,5563558.0,830140.41887,7019,1755676799999
1755676800000,0.1485,0.1509,0.1471,0.1491,6384895.0,951711.03741,8122,1755691199999
1755691200000,0.1492,0.1524,0.1461,0.1508,11229313.7,1677531.37959,13350,1755705599999
1755705600000,0.1509,0.1523,0.1496,0.1522,5343256.7,808371.49355,7929,1755719999999
1755720000000,0.1522,0.1526,0.1514,0.1520,3909056.4,594403.92623,5842,1755734399999
1755734400000,0.1520,0.1536,0.1514,0.1523,4711726.8,718203.68410,7611,1755748799999
1755748800000,0.1523,0.1528,0.1500,0.1503,4263347.6,645260.64383,5875,1755763199999
1755763200000,0.1504,0.1508,0.1481,0.1485,3993941.3,596332.88405,6623,1755777599999
1755777600000,0.1485,0.1501,0.1469,0.1471,4814330.3,714649.45156,8431,1755791999999
1755792000000,0.1472,0.1492,0.1466,0.1478,3481980.2,514172.38097,6529,1755806399999
1755806400000,0.1479,0.1497,0.1475,0.1484,3052526.6,453578.49089,5270,1755820799999
1755820800000,0.1484,0.1495,0.1466,0.1470,3008290.0,445449.42174,6084,1755835199999
1755835200000,0.1470,0.1482,0.1464,0.1476,3091817.0,455218.90154,6808,1755849599999
1755849600000,0.1476,0.1484,0.1452,0.1454,3549570.7,520505.69176,6735,1755863999999
1755864000000,0.1454,0.1537,0.1425,0.1526,19823549.5,2936147.25676,20308,1755878399999
1755878400000,0.1527,0.1579,0.1526,0.1576,8398604.9,1311542.22136,11513,1755892799999
1755892800000,0.1576,0.1587,0.1570,0.1585,5828248.1,919817.90316,8641,1755907199999
1755907200000,0.1584,0.1594,0.1554,0.1583,8213081.1,1296703.70666,10344,1755921599999
1755921600000,0.1583,0.1650,0.1582,0.1608,11296417.7,1831493.81171,16075,1755935999999
1755936000000,0.1608,0.1616,0.1594,0.1597,4389830.5,704999.36318,7417,1755950399999
1755950400000,0.1597,0.1602,0.1580,0.1583,3633528.4,577315.72821,6517,1755964799999
1755964800000,0.1583,0.1597,0.1578,0.1596,2750353.8,435963.80010,4775,1755979199999
1755979200000,0.1596,0.1598,0.1579,0.1583,2368850.1,375983.51645,4070,1755993599999
1755993600000,0.1584,0.1600,0.1575,0.1587,3869886.8,615106.91379,6328,1756007999999
1756008000000,0.1586,0.1592,0.1558,0.1562,3281640.2,516347.87714,6027,1756022399999
1756022400000,0.1561,0.1569,0.1540,0.1546,3239822.1,502931.62054,6060,1756036799999
1756036800000,0.1545,0.1551,0.1528,0.1539,3555659.8,547287.55132,6140,1756051199999
1756051200000,0.1540,0.1621,0.1526,0.1573,15325129.2,2408015.78681,17779,1756065599999
1756065600000,0.1573,0.1577,0.1530,0.1551,8843729.6,1375999.43008,11692,1756079999999
1756080000000,0.1551,0.1590,0.1524,0.1583,6297226.7,981239.07263,9828,1756094399999
1756094400000,0.1583,0.1601,0.1501,0.1505,7660162.3,1183012.04176,11462,1756108799999
1756108800000,0.1505,0.1521,0.1493,0.1512,5282387.2,795528.12575,8204,1756123199999
1756123200000,0.1513,0.1524,0.1499,0.1501,6036048.9,912451.95734,7645,1756137599999
1756137600000,0.1502,0.1508,0.1461,0.1465,7553234.3,1122346.79601,9023,1756151999999
1756152000000,0.1465,0.1469,0.1433,0.1441,11219457.4,1622173.04926,11037,1756166399999
1756166400000,0.1442,0.1459,0.1424,0.1449,7217206.4,1040269.32134,8042,1756180799999
1756180800000,0.1449,0.1467,0.1445,0.1460,4116164.7,599072.19507,5555,1756195199999
1756195200000,0.1459,0.1464,0.1440,0.1441,4850086.5,704403.16457,5262,1756209599999
1756209600000,0.1442,0.1482,0.1437,0.1470,10649529.9,1557001.80611,9938,1756223999999
1756224000000,0.1469,0.1512,0.1469,0.1509,4547575.0,677325.46015,7001,1756238399999
1756238400000,0.1510,0.1518,0.1499,0.1501,3374485.2,508829.62416,5136,1756252799999
1756252800000,0.1501,0.1507,0.1481,0.1501,3142687.1,469106.12411,6441,1756267199999
1756267200000,0.1501,0.1516,0.1494,0.1504,2646240.6,398357.22895,5073,1756281599999
1756281600000,0.1505,0.1531,0.1500,0.1515,21547862.7,3256162.56259,12504,1756295999999
1756296000000,0.1514,0.1532,0.1506,0.1522,6914739.9,1049485.63375,9212,1756310399999
1756310400000,0.1522,0.1526,0.1505,0.1514,4613468.1,700009.61056,6823,1756324799999
1756324800000,0.1514,0.1537,0.1497,0.1505,7721808.2,1170217.63249,9790,1756339199999
1756339200000,0.1506,0.1522,0.1492,0.1522,5529788.7,835326.58617,8458,1756353599999
1756353600000,0.1523,0.1539,0.1517,0.1537,5215217.0,796738.36466,7619,1756367999999
1756368000000,0.1537,0.1548,0.1523,0.1542,4387047.6,674170.90490,6586,1756382399999
1756382400000,0.1541,0.1609,0.1538,0.1594,12647787.3,1996522.76744,14421,1756396799999
1756396800000,0.1594,0.1604,0.1540,0.1540,9464009.7,1487157.15788,12370,1756411199999
1756411200000,0.1540,0.1594,0.1538,0.1593,4442543.0,696869.10285,7393,1756425599999
1756425600000,0.1593,0.1601,0.1551,0.1574,6140779.1,965075.87248,9808,1756439999999
1756440000000,0.1575,0.1620,0.1538,0.1586,26693774.1,4228856.99506,23150,1756454399999
1756454400000,0.1586,0.1587,0.1485,0.1509,18776436.4,2851211.69488,18546,1756468799999
1756468800000,0.1509,0.1551,0.1496,0.1509,11591084.9,1762591.46980,14600,1756483199999
1756483200000,0.1510,0.1512,0.1477,0.1499,7150433.2,1069410.50247,10734,1756497599999
1756497600000,0.1499,0.1512,0.1486,0.1504,3679927.6,552250.74651,5807,1756511999999
1756512000000,0.1504,0.1532,0.1483,0.1525,5160344.2,777986.00582,7049,1756526399999
1756526400000,0.1526,0.1541,0.1516,0.1540,3462949.7,528940.36458,5194,1756540799999
1756540800000,0.1539,0.1542,0.1524,0.1537,2478188.8,380039.87737,4579,1756555199999
1756555200000,0.1536,0.1536,0.1505,0.1530,3501397.8,531535.64784,6080,1756569599999
1756569600000,0.1530,0.1539,0.1517,0.1523,2475894.7,378247.45908,4621,1756583999999
1756584000000,0.1524,0.1533,0.1508,0.1533,2779883.2,422588.30884,6292,1756598399999
1756598400000,0.1533,0.1581,0.1531,0.1573,8077512.0,1256348.13993,10289,1756612799999
1756612800000,0.1574,0.1574,0.1547,0.1553,2661057.7,414988.66914,4481,1756627199999
1756627200000,0.1552,0.1573,0.1535,0.1548,3028284.3,469793.93757,5120,1756641599999
1756641600000,0.1548,0.1558,0.1523,0.1538,4208293.8,647789.29023,6493,1756655999999
1756656000000,0.1537,0.1546,0.1529,0.1533,2741405.7,420875.16981,4976,1756670399999
1756670400000,0.1534,0.1545,0.1505,0.1505,2447457.6,373305.56981,4579,1756684799999
1756684800000,0.1506,0.1506,0.1468,0.1484,7001111.6,1042281.10199,11026,1756699199999
1756699200000,0.1484,0.1518,0.1468,0.1518,7856766.4,1171461.32067,8820,1756713599999
1756713600000,0.1518,0.1549,0.1513,0.1513,5965460.0,912022.90503,11248,1756727999999
1756728000000,0.1513,0.1526,0.1489,0.1492,3488728.3,525642.30036,11332,1756742399999
1756742400000,0.1493,0.1495,0.1474,0.1493,3086130.2,458300.18916,10753,1756756799999
1756756800000,0.1493,0.1529,0.1460,0.1527,8382184.5,1243622.74902,17892,1756771199999
1756771200000,0.1527,0.1545,0.1505,0.1544,6102565.9,930177.24493,14277,1756785599999
1756785600000,0.1544,0.1586,0.1544,0.1570,13524394.9,2128033.00799,22623,1756799999999
1756800000000,0.1571,0.1578,0.1556,0.1560,4626066.3,723813.35670,10924,1756814399999
1756814400000,0.1560,0.1581,0.1524,0.1538,10109322.2,1569543.22921,14036,1756828799999
1756828800000,0.1539,0.1560,0.1538,0.1549,3040617.6,470865.23649,6977,1756843199999
1756843200000,0.1549,0.1570,0.1547,0.1567,2508735.2,392355.01381,5492,1756857599999
1756857600000,0.1566,0.1573,0.1550,0.1558,2922437.7,456262.61633,9885,1756871999999
1756872000000,0.1558,0.1559,0.1534,0.1543,3207067.1,495293.93319,7188,1756886399999
1756886400000,0.1543,0.1559,0.1539,0.1553,2520061.5,390627.89204,6803,1756900799999
1756900800000,0.1553,0.1580,0.1546,0.1572,4532646.9,709204.71687,10504,1756915199999
1756915200000,0.1572,0.1577,0.1561,0.1572,2516667.3,395065.39122,6157,1756929599999
1756929600000,0.1573,0.1577,0.1559,0.1562,2507345.6,393647.52279,4133,1756943999999
1756944000000,0.1563,0.1569,0.1540,0.1543,2045188.4,318392.11674,5076,1756958399999
1756958400000,0.1544,0.1546,0.1507,0.1512,4621063.2,703201.51297,7774,1756972799999
1756972800000,0.1512,0.1520,0.1508,0.1509,2785780.8,421309.66959,5705,1756987199999
1756987200000,0.1509,0.1533,0.1494,0.1494,5236719.2,791415.25018,8815,1757001599999
1757001600000,0.1494,0.1504,0.1486,0.1491,2851399.2,426015.55023,6034,1757015999999
1757016000000,0.1490,0.1510,0.1489,0.1495,2412723.5,361245.08189,5467,1757030399999
1757030400000,0.1495,0.1513,0.1493,0.1504,3499551.4,526349.81481,17175,1757044799999
1757044800000,0.1505,0.1528,0.1501,0.1528,1813672.9,273908.12715,15650,1757059199999
1757059200000,0.1527,0.1529,0.1514,0.1519,1986572.7,302290.65986,16149,1757073599999
1757073600000,0.1519,0.1541,0.1485,0.1500,9520708.8,1442070.18412,24264,1757087999999
1757088000000,0.1500,0.1521,0.1492,0.1521,2190907.9,329580.38257,16924,1757102399999
1757102400000,0.1521,0.1529,0.1512,0.1522,2922915.4,444423.89604,18601,1757116799999
1757116800000,0.1521,0.1530,0.1515,0.1519,2099448.6,319523.34948,15984,1757131199999
1757131200000,0.1519,0.1523,0.1510,0.1517,1635931.2,248068.39913,12854,1757145599999
1757145600000,0.1516,0.1520,0.1502,0.1509,1326609.2,200149.98262,12513,1757159999999
1757160000000,0.1509,0.1516,0.1502,0.1504,1514049.7,228286.62322,13062,1757174399999
1757174400000,0.1503,0.1513,0.1494,0.1504,2022661.4,304652.29740,13780,1757188799999
1757188800000,0.1504,0.1527,0.1502,0.1523,1217467.8,184658.44746,12810,1757203199999
1757203200000,0.1522,0.1549,0.1521,0.1548,4000109.3,615198.99366,5953,1757217599999
1757217600000,0.1548,0.1563,0.1539,0.1542,4066519.0,631156.96155,6488,1757231999999
1757232000000,0.1542,0.1554,0.1541,0.1553,2528125.0,390983.19569,5296,1757246399999
1757246400000,0.1553,0.1557,0.1545,0.1550,1907626.2,295898.68138,4621,1757260799999
1757260800000,0.1550,0.1555,0.1534,0.1536,3385666.5,522498.79570,7338,1757275199999
1757275200000,0.1537,0.1555,0.1533,0.1547,2063661.0,318003.36151,5587,1757289599999
1757289600000,0.1547,0.1580,0.1545,0.1575,2666490.5,416198.12987,6397,1757303999999
1757304000000,0.1576,0.1579,0.1564,0.1571,3349521.4,526504.45093,7366,1757318399999
1757318400000,0.1570,0.1591,0.1565,0.1568,4069298.7,641687.86668,8774,1757332799999
1757332800000,0.1568,0.1588,0.1566,0.1586,3654792.8,576155.78227,7446,1757347199999
1757347200000,0.1585,0.1587,0.1567,0.1570,2495723.8,393887.79349,6612,1757361599999
1757361600000,0.1571,0.1590,0.1561,0.1580,2960831.1,467246.64521,5708,1757375999999
1757376000000,0.1580,0.1589,0.1558,0.1573,3341091.8,525056.06798,6468,1757390399999
1757390400000,0.1573,0.1606,0.1572,0.1596,4210920.8,668668.56863,7326,1757404799999
1757404800000,0.1597,0.1608,0.1591,0.1593,3155261.9,504499.11236,7297,1757419199999
1757419200000,0.1592,0.1605,0.1551,0.1556,6495358.0,1022950.85940,13258,1757433599999
1757433600000,0.1556,0.1579,0.1553,0.1577,1882372.0,294626.36232,5401,1757447999999
1757448000000,0.1577,0.1580,0.1562,0.1573,1607076.3,252584.93021,4194,1757462399999
1757462400000,0.1574,0.1583,0.1560,0.1582,1920379.3,301960.91814,4526,1757476799999
1757476800000,0.1583,0.1587,0.1569,0.1580,2542987.3,401357.42451,5502,1757491199999
1757491200000,0.1581,0.1586,0.1574,0.1581,1692968.0,267452.82292,4639,1757505599999
1757505600000,0.1580,0.1677,0.1576,0.1624,20816530.4,3406002.34435,28234,1757519999999
1757520000000,0.1623,0.1632,0.1572,0.1578,6941438.3,1113276.34955,12987,1757534399999
1757534400000,0.1578,0.1600,0.1577,0.1595,2458583.2,391168.78277,5364,1757548799999
1757548800000,0.1595,0.1620,0.1589,0.1617,3118054.3,499901.53591,5951,1757563199999
1757563200000,0.1616,0.1618,0.1592,0.1607,3799064.5,609868.95380,6775,1757577599999
1757577600000,0.1606,0.1609,0.1587,0.1589,2508785.1,400326.21059,4961,1757591999999
1757592000000,0.1589,0.1605,0.1566,0.1586,6908066.1,1096391.52697,11726,1757606399999
1757606400000,0.1587,0.1621,0.1585,0.1603,3758671.4,602956.26950,7276,1757620799999
1757620800000,0.1603,0.1613,0.1592,0.1611,2261657.9,362349.57209,4289,1757635199999
1757635200000,0.1612,0.1626,0.1602,0.1610,2217599.3,357957.32441,5015,1757649599999
1757649600000,0.1610,0.1626,0.1605,0.1608,1826449.3,295173.42789,4811,1757663999999
1757664000000,0.1608,0.1610,0.1589,0.1597,1988307.7,317977.44970,4384,1757678399999
1757678400000,0.1597,0.1616,0.1592,0.1606,2453092.9,393888.63340,4972,1757692799999
1757692800000,0.1606,0.1629,0.1604,0.1629,2220257.4,359312.59696,4924,1757707199999
1757707200000,0.1628,0.1634,0.1614,0.1628,3542647.2,575116.65976,5452,1757721599999
1757721600000,0.1628,0.1646,0.1618,0.1644,2155027.0,351569.08051,4500,1757735999999
1757736000000,0.1643,0.1646,0.1634,0.1634,1774248.1,290896.55597,3725,1757750399999
1757750400000,0.1635,0.1656,0.1633,0.1650,3564732.1,587299.50920,6313,1757764799999
1757764800000,0.1650,0.1660,0.1621,0.1633,4287575.6,703071.85864,7979,1757779199999
1757779200000,0.1634,0.1643,0.1611,0.1631,2982901.3,485016.17665,7178,1757793599999
1757793600000,0.1631,0.1661,0.1630,0.1653,3108598.4,512979.87543,6529,1757807999999
1757808000000,0.1654,0.1660,0.1621,0.1622,2555269.0,419541.88101,5633,1757822399999
1757822400000,0.1623,0.1646,0.1617,0.1629,2279715.4,371687.44729,4805,1757836799999
1757836800000,0.1629,0.1640,0.1601,0.1603,2740987.4,444536.85617,5207,1757851199999
1757851200000,0.1603,0.1610,0.1570,0.1581,6017966.1,955820.96585,8688,1757865599999
1757865600000,0.1582,0.1598,0.1580,0.1585,2154558.3,342190.88328,4503,1757879999999
1757880000000,0.1585,0.1599,0.1578,0.1581,1816548.7,288417.70540,4076,1757894399999
1757894400000,0.1581,0.1593,0.1566,0.1590,3058244.7,483931.64801,5918,1757908799999
1757908800000,0.1590,0.1599,0.1556,0.1558,3445004.9,544253.66820,6694,1757923199999
1757923200000,0.1558,0.1559,0.1525,0.1541,5523640.4,850709.66462,9231,1757937599999
1757937600000,0.1541,0.1544,0.1511,0.1522,5062790.5,773472.42457,8487,1757951999999
1757952000000,0.1521,0.1539,0.1511,0.1537,2699178.9,411524.56844,5822,1757966399999
1757966400000,0.1537,0.1548,0.1535,0.1543,2277725.4,351326.88018,3810,1757980799999
1757980800000,0.1543,0.1544,0.1528,0.1529,1888711.4,290202.91620,4271,1757995199999
1757995200000,0.1528,0.1545,0.1516,0.1543,2531726.8,387668.48412,5098,1758009599999
1758009600000,0.1544,0.1557,0.1543,0.1549,3014847.2,467377.68308,4509,1758023999999
1758024000000,0.1550,0.1562,0.1535,0.1562,4342070.5,673297.94547,6872,1758038399999
1758038400000,0.1562,0.1574,0.1551,0.1567,2787876.2,435993.78607,5212,1758052799999
1758052800000,0.1568,0.1576,0.1564,0.1565,1100439.0,172782.62609,3396,1758067199999
1758067200000,0.1565,0.1578,0.1559,0.1560,2307799.9,361880.58506,4378,1758081599999
1758081600000,0.1559,0.1567,0.1549,0.1565,2124002.3,330973.95754,4176,1758095999999
1758096000000,0.1565,0.1565,0.1536,0.1546,2633756.7,407319.75346,4411,1758110399999
1758110400000,0.1547,0.1554,0.1535,0.1537,2000983.2,309243.95324,4157,1758124799999
1758124800000,0.1537,0.1573,0.1529,0.1571,6553889.5,1016106.92765,11006,1758139199999
1758139200000,0.1571,0.1608,0.1556,0.1600,4121883.1,653105.83496,7749,1758153599999
1758153600000,0.1601,0.1615,0.1590,0.1608,3444358.0,551742.89554,6198,1758167999999
1758168000000,0.1608,0.1614,0.1589,0.1595,2283427.3,365593.55250,4857,1758182399999
1758182400000,0.1595,0.1608,0.1589,0.1596,1724089.4,275573.64732,4622,1758196799999
1758196800000,0.1596,0.1617,0.1591,0.1615,2816258.4,452708.77377,6615,1758211199999
1758211200000,0.1616,0.1633,0.1614,0.1623,2279666.6,370290.26577,4611,1758225599999
1758225600000,0.1624,0.1632,0.1612,0.1617,2090244.5,339333.65412,4562,1758239999999
1758240000000,0.1618,0.1636,0.1602,0.1603,2873198.3,465762.14041,5605,1758254399999
1758254400000,0.1604,0.1621,0.1590,0.1608,3320736.4,533546.10729,7313,1758268799999
1758268800000,0.1608,0.1618,0.1580,0.1582,2511227.9,401806.94550,6244,1758283199999
1758283200000,0.1583,0.1597,0.1568,0.1577,2940663.7,465519.41155,6668,1758297599999
1758297600000,0.1578,0.1586,0.1566,0.1570,1992081.8,313868.15242,4504,1758311999999
1758312000000,0.1570,0.1579,0.1556,0.1565,2160104.8,338903.34214,4264,1758326399999
1758326400000,0.1566,0.1571,0.1552,0.1563,1460630.0,228252.14861,3923,1758340799999
1758340800000,0.1564,0.1570,0.1559,0.1568,1106432.5,173151.79013,3714,1758355199999
1758355200000,0.1568,0.1569,0.1549,0.1558,1577504.7,245708.86466,4037,1758369599999
1758369600000,0.1558,0.1577,0.1550,0.1574,2327040.9,363950.94497,4940,1758383999999
1758384000000,0.1574,0.1579,0.1556,0.1560,2088887.1,327528.21947,4968,1758398399999
1758398400000,0.1559,0.1570,0.1557,0.1559,984861.6,153877.32683,2994,1758412799999
1758412800000,0.1559,0.1561,0.1541,0.1550,1971405.0,305598.42879,4337,1758427199999
1758427200000,0.1550,0.1564,0.1543,0.1558,1617828.2,251357.81801,3634,1758441599999
1758441600000,0.1557,0.1560,0.1532,0.1542,2793316.9,431629.78833,5883,1758455999999
1758456000000,0.1541,0.1556,0.1540,0.1547,1668732.3,258523.09926,4025,1758470399999
1758470400000,0.1548,0.1555,0.1535,0.1550,1847151.6,285566.18402,4323,1758484799999
1758484800000,0.1549,0.1551,0.1539,0.1541,1200367.2,185417.33203,3156,1758499199999
1758499200000,0.1541,0.1547,0.1497,0.1505,7814030.4,1182672.02778,12287,1758513599999
1758513600000,0.1506,0.1511,0.1377,0.1445,13642194.0,1973335.64456,22599,1758527999999
1758528000000,0.1445,0.1454,0.1429,0.1439,5211276.0,750944.64752,20288,1758542399999
1758542400000,0.1439,0.1458,0.1434,0.1439,3633572.4,525261.38529,6819,1758556799999
1758556800000,0.1438,0.1445,0.1425,0.1428,3150062.7,452679.90055,5822,1758571199999
1758571200000,0.1428,0.1452,0.1425,0.1450,1740079.5,250770.05819,3882,1758585599999
1758585600000,0.1451,0.1453,0.1421,0.1435,5149438.8,740005.76457,6408,1758599999999
1758600000000,0.1436,0.1455,0.1428,0.1448,4164445.0,599635.41830,5801,1758614399999
1758614400000,0.1448,0.1458,0.1443,0.1449,3441614.7,498960.84320,5693,1758628799999
1758628800000,0.1448,0.1461,0.1441,0.1456,3329892.8,483277.90631,5218,1758643199999
1758643200000,0.1457,0.1471,0.1434,0.1437,3555724.1,515672.00927,5797,1758657599999
1758657600000,0.1437,0.1451,0.1432,0.1443,2031465.4,293205.26617,3796,1758671999999
1758672000000,0.1443,0.1463,0.1439,0.1442,2693905.6,390909.57307,5037,1758686399999
1758686400000,0.1442,0.1470,0.1427,0.1469,3859093.6,558319.89989,5821,1758700799999
1758700800000,0.1468,0.1475,0.1464,0.1472,1855590.7,272724.58779,3298,1758715199999
1758715200000,0.1474,0.1521,0.1467,0.1484,10765696.5,1607836.69621,10165,1758729599999
1758729600000,0.1485,0.1492,0.1476,0.1482,3266845.3,484900.08916,4978,1758743999999
1758744000000,0.1481,0.1486,0.1467,0.1475,1716804.2,253316.28819,3642,1758758399999
1758758400000,0.1474,0.1475,0.1446,0.1454,3371728.0,492418.70627,6175,1758772799999
1758772800000,0.1454,0.1456,0.1425,0.1428,3903204.9,561012.02401,7161,1758787199999
1758787200000,0.1428,0.1442,0.1417,0.1421,4369279.6,624701.82142,6011,1758801599999
1758801600000,0.1422,0.1437,0.1394,0.1423,7025733.4,997540.96965,10070,1758815999999
1758816000000,0.1422,0.1425,0.1370,0.1397,8431634.0,1176453.76704,11334,1758830399999
1758830400000,0.1398,0.1400,0.1377,0.1386,3948406.1,548231.79143,6016,1758844799999
1758844800000,0.1386,0.1412,0.1384,0.1406,3325068.6,465800.59407,5278,1758859199999
1758859200000,0.1407,0.1412,0.1395,0.1404,2833748.1,397826.16834,4866,1758873599999
1758873600000,0.1404,0.1410,0.1378,0.1387,3651846.2,508260.05180,5452,1758887999999
1758888000000,0.1387,0.1403,0.1373,0.1394,6322081.6,879357.40776,7831,1758902399999
1758902400000,0.1393,0.1433,0.1392,0.1424,4445936.5,629526.97789,6365,1758916799999
1758916800000,0.1423,0.1430,0.1419,0.1426,1874081.9,266925.96376,3591,1758931199999
1758931200000,0.1426,0.1428,0.1417,0.1420,1152775.0,163927.45781,2497,1758945599999
1758945600000,0.1419,0.1429,0.1418,0.1419,1375370.3,195763.71762,2883,1758959999999
1758960000000,0.1419,0.1422,0.1406,0.1420,1324351.0,187438.65807,2945,1758974399999
1758974400000,0.1420,0.1426,0.1413,0.1424,1714097.8,243423.03457,3097,1758988799999
1758988800000,0.1424,0.1424,0.1399,0.1401,1921353.2,270426.39818,3722,1759003199999
1759003200000,0.1402,0.1418,0.1401,0.1409,1383795.9,195002.04038,3006,1759017599999
1759017600000,0.1410,0.1418,0.1398,0.1403,2014640.1,283053.94537,4313,1759031999999
1759032000000,0.1402,0.1403,0.1388,0.1392,1672156.7,233491.64227,3306,1759046399999
1759046400000,0.1392,0.1394,0.1374,0.1379,2469523.0,341141.16575,4427,1759060799999
1759060800000,0.1378,0.1396,0.1369,0.1395,2855734.2,395532.78892,4519,1759075199999
1759075200000,0.1395,0.1404,0.1395,0.1401,1690130.7,236498.80728,3597,1759089599999
1759089600000,0.1401,0.1435,0.1400,0.1434,2988139.4,424275.19163,4446,1759103999999
1759104000000,0.1433,0.1434,0.1421,0.1431,1983826.2,283233.67305,4397,1759118399999
1759118400000,0.1432,0.1432,0.1416,0.1423,1951445.6,277679.77100,3489,1759132799999
1759132800000,0.1423,0.1432,0.1402,0.1410,2289535.2,324811.40317,4120,1759147199999
1759147200000,0.1410,0.1441,0.1388,0.1424,5244823.0,743239.89684,8813,1759161599999
1759161600000,0.1425,0.1437,0.1415,0.1436,2615512.4,372665.82570,5489,1759175999999
1759176000000,0.1435,0.1454,0.1435,0.1439,2940457.2,425076.63855,5288,1759190399999
1759190400000,0.1438,0.1441,0.1413,0.1416,3143009.6,447899.20372,5242,1759204799999
1759204800000,0.1415,0.1421,0.1405,0.1410,1629855.5,230490.73413,3472,1759219199999
1759219200000,0.1411,0.1412,0.1380,0.1394,3758109.2,524924.51110,5528,1759233599999
1759233600000,0.1393,0.1394,0.1361,0.1368,4027450.9,555217.92132,6538,1759247999999
1759248000000,0.1368,0.1392,0.1362,0.1391,2714985.7,373275.74501,5251,1759262399999
1759262400000,0.1391,0.1408,0.1388,0.1397,2808951.8,392810.85043,4592,1759276799999
1759276800000,0.1397,0.1405,0.1387,0.1388,2478170.3,346129.28170,4511,1759291199999
1759291200000,0.1387,0.1410,0.1386,0.1402,2662951.6,372917.96285,4948,1759305599999
1759305600000,0.1402,0.1469,0.1400,0.1456,8336090.7,1210156.38417,11041,1759319999999
1759320000000,0.1456,0.1475,0.1451,0.1473,3818736.0,558342.09503,7910,1759334399999
1759334400000,0.1474,0.1505,0.1464,0.1504,4215091.2,625291.08183,7326,1759348799999
1759348800000,0.1504,0.1515,0.1498,0.1513,3128761.7,471161.68362,6512,1759363199999
1759363200000,0.1514,0.1538,0.1507,0.1532,4174183.1,635517.59743,6164,1759377599999
1759377600000,0.1533,0.1555,0.1526,0.1534,3506017.1,539931.35108,5865,1759391999999
1759392000000,0.1535,0.1544,0.1527,0.1535,1998031.2,306531.58009,3903,1759406399999
1759406400000,0.1536,0.1546,0.1508,0.1532,3464996.9,529453.71183,7728,1759420799999
1759420800000,0.1533,0.1561,0.1530,0.1554,2956454.5,457119.83709,6855,1759435199999
1759435200000,0.1554,0.1558,0.1540,0.1548,2113316.8,327327.10572,5016,1759449599999
1759449600000,0.1549,0.1552,0.1526,0.1540,3048269.2,469222.93598,5843,1759463999999
1759464000000,0.1540,0.1550,0.1526,0.1532,1832984.2,281644.64068,4068,1759478399999
1759478400000,0.1531,0.1534,0.1513,0.1519,2709767.4,413032.19924,5084,1759492799999
1759492800000,0.1518,0.1553,0.1508,0.1550,4244312.5,648243.37795,7843,1759507199999
1759507200000,0.1550,0.1573,0.1530,0.1551,5889152.8,913032.26597,10959,1759521599999
1759521600000,0.1551,0.1558,0.1545,0.1547,2171550.4,336900.57831,4605,1759535999999
1759536000000,0.1547,0.1554,0.1534,0.1539,2447234.1,378182.18638,8442,1759550399999
1759550400000,0.1539,0.1541,0.1526,0.1530,1647856.1,252951.68297,3706,1759564799999
1759564800000,0.1529,0.1531,0.1497,0.1501,2391874.7,361141.50617,4558,1759579199999
1759579200000,0.1502,0.1511,0.1480,0.1482,2843078.2,425950.25096,4851,1759593599999
1759593600000,0.1482,0.1491,0.1479,0.1487,1590281.8,235952.99839,3469,1759607999999
1759608000000,0.1486,0.1490,0.1482,0.1483,756956.5,112522.15025,2485,1759622399999
1759622400000,0.1484,0.1517,0.1476,0.1508,4191290.4,626670.88237,6757,1759636799999
1759636800000,0.1509,0.1533,0.1505,0.1533,3121428.7,474646.97783,5408,1759651199999
1759651200000,0.1533,0.1537,0.1493,0.1502,3335467.4,505003.52440,6402,1759665599999
1759665600000,0.1501,0.1504,0.1486,0.1496,1927289.5,288419.81485,4693,1759679999999
1759680000000,0.1495,0.1496,0.1465,0.1466,2836859.6,419600.54307,5534,1759694399999
1759694400000,0.1466,0.1472,0.1458,0.1459,1784794.0,261205.15920,4424,1759708799999
1759708800000,0.1459,0.1481,0.1451,0.1473,3157691.0,462971.02041,6894,1759723199999
1759723200000,0.1473,0.1478,0.1457,0.1463,2351207.5,345315.16952,4653,1759737599999
1759737600000,0.1464,0.1472,0.1461,0.1465,1624997.6,238259.26317,4159,1759751999999
1759752000000,0.1464,0.1491,0.1462,0.1490,3350253.1,494583.06145,5447,1759766399999
1759766400000,0.1489,0.1504,0.1482,0.1500,3348225.4,500225.74694,6264,1759780799999
1759780800000,0.1500,0.1506,0.1476,0.1478,2634314.6,393265.61549,5043,1759795199999
1759795200000,0.1478,0.1485,0.1471,0.1478,2328771.6,344277.53504,4329,1759809599999
1759809600000,0.1477,0.1491,0.1459,0.1462,3033584.5,447626.36044,5102,1759823999999
1759824000000,0.1462,0.1474,0.1448,0.1473,2814593.0,411112.23110,5187,1759838399999
1759838400000,0.1473,0.1479,0.1415,0.1422,6899915.0,995057.68193,10486,1759852799999
1759852800000,0.1421,0.1434,0.1412,0.1429,3351387.7,477314.56949,6332,1759867199999
1759867200000,0.1430,0.1443,0.1424,0.1428,2196876.5,315287.14637,4282,1759881599999
1759881600000,0.1428,0.1441,0.1413,0.1417,3155802.5,450535.72061,5744,1759895999999
1759896000000,0.1418,0.1425,0.1411,0.1422,2129491.5,301711.54398,4394,1759910399999
1759910400000,0.1421,0.1540,0.1421,0.1486,39537703.4,5902047.67339,37447,1759924799999
1759924800000,0.1486,0.1540,0.1482,0.1509,20204063.1,3051258.69610,27311,1759939199999
1759939200000,0.1509,0.1547,0.1501,0.1539,11495918.4,1750679.69254,14176,1759953599999
1759953600000,0.1540,0.1540,0.1507,0.1510,4136575.5,628952.11518,8278,1759967999999
1759968000000,0.1510,0.1511,0.1460,0.1488,7558598.8,1121339.60865,10025,1759982399999
1759982400000,0.1488,0.1547,0.1487,0.1537,14280663.9,2179041.33334,18409,1759996799999
1759996800000,0.1537,0.1587,0.1501,0.1562,26917135.6,4161305.77115,35222,1760011199999
1760011200000,0.1561,0.1606,0.1531,0.1550,42477800.9,6681133.89703,48422,1760025599999
1760025600000,0.1550,0.1693,0.1542,0.1674,48719400.9,7889417.93035,49681,1760039999999
1760040000000,0.1674,0.1785,0.1671,0.1727,67077011.2,11631341.94560,77324,1760054399999
1760054400000,0.1728,0.1826,0.1636,0.1659,64343717.4,11069339.89349,71472,1760068799999
1760068800000,0.1660,0.1762,0.1660,0.1672,37467750.9,6410690.59077,45224,1760083199999
1760083200000,0.1673,0.1704,0.1654,0.1700,14524456.1,2432730.66283,19982,1760097599999
1760097600000,0.1700,0.1790,0.1632,0.1658,36681073.2,6279341.03102,44400,1760111999999
1760112000000,0.1658,0.1719,0.1596,0.1610,32322977.6,5360150.00552,37957,1760126399999
1760126400000,0.1611,0.1644,0.1266,0.1334,84176186.8,11640667.82769,97744,1760140799999
1760140800000,0.1334,0.1352,0.1300,0.1319,24286895.5,3218466.30085,28040,1760155199999
1760155200000,0.1319,0.1409,0.1313,0.1387,22219723.1,3036048.14235,20874,1760169599999
1760169600000,0.1386,0.1471,0.1381,0.1437,22110981.7,3169917.09378,23445,1760183999999
1760184000000,0.1437,0.1480,0.1405,0.1461,24365951.1,3526058.68338,27891,1760198399999
1760198400000,0.1461,0.1464,0.1389,0.1399,11635503.5,1663338.29124,21701,1760212799999
1760212800000,0.1398,0.1400,0.1331,0.1378,16188008.9,2219413.02244,18654,1760227199999
1760227200000,0.1378,0.1407,0.1349,0.1405,10902905.8,1498351.81447,14595,1760241599999
1760241600000,0.1406,0.1458,0.1402,0.1450,13812912.6,1983301.88753,16758,1760255999999
1760256000000,0.1450,0.1527,0.1444,0.1475,20733178.7,3062396.22770,23159,1760270399999
1760270400000,0.1474,0.1650,0.1457,0.1636,37239123.3,5810410.88962,35667,1760284799999
1760284800000,0.1636,0.1819,0.1636,0.1790,45369118.4,7890805.81504,60028,1760299199999
1760299200000,0.1789,0.1803,0.1709,0.1762,18347400.8,3212590.08671,29352,1760313599999
1760313600000,0.1760,0.1807,0.1695,0.1737,31858489.5,5579752.64487,44247,1760327999999
1760328000000,0.1738,0.2059,0.1713,0.2001,65994066.0,12678756.43109,84347,1760342399999
1760342400000,0.2001,0.2448,0.1943,0.2277,269944491.8,60700725.48816,329357,1760356799999
1760356800000,0.2278,0.2317,0.2075,0.2208,121499269.6,26682229.09812,153041,1760371199999
1760371200000,0.2207,0.2323,0.2177,0.2183,78301824.5,17620320.26318,112989,1760385599999
1760385600000,0.2183,0.2241,0.2124,0.2135,31983403.8,6943240.33977,48096,1760399999999
1760400000000,0.2136,0.2190,0.2016,0.2044,44029758.1,9235895.97608,61158,1760414399999
1760414400000,0.2044,0.2173,0.1935,0.1958,86508164.9,17790723.99320,111531,1760428799999
1760428800000,0.1957,0.2041,0.1938,0.1962,36283013.9,7193138.25730,55036,1760443199999
1760443200000,0.1962,0.1964,0.1877,0.1954,36901623.9,7100591.62859,55496,1760457599999
1760457600000,0.1954,0.2009,0.1912,0.1934,27640113.6,5427927.62326,49492,1760471999999
1760472000000,0.1935,0.2059,0.1922,0.1998,24992908.6,4981060.29976,37416,1760486399999
1760486400000,0.1998,0.2055,0.1943,0.1963,31503462.3,6284781.06188,53555,1760500799999
1760500800000,0.1962,0.2044,0.1943,0.1950,24796808.1,4922145.25258,42160,1760515199999
1760515200000,0.1949,0.1987,0.1898,0.1941,23861431.4,4611059.74958,35535,1760529599999
1760529600000,0.1941,0.2014,0.1854,0.1882,38359253.4,7414744.75409,54346,1760543999999
1760544000000,0.1883,0.1899,0.1844,0.1853,13130268.4,2465495.48931,27639,1760558399999
1760558400000,0.1854,0.1869,0.1807,0.1817,14259041.4,2609696.90147,24028,1760572799999
1760572800000,0.1817,0.1897,0.1801,0.1837,13928616.4,2563819.03823,23763,1760587199999
1760587200000,0.1837,0.1917,0.1835,0.1859,21362674.4,4011856.19674,32322,1760601599999
1760601600000,0.1860,0.1998,0.1837,0.1988,38569482.8,7393192.53707,52155,1760615999999
1760616000000,0.1988,0.2183,0.1950,0.1971,96853103.2,19960824.73400,127609,1760630399999
1760630400000,0.1972,0.2036,0.1902,0.1921,39209993.7,7715332.02865,63657,1760644799999
1760644800000,0.1921,0.1929,0.1859,0.1895,18328084.3,3467217.19559,31005,1760659199999
1760659200000,0.1895,0.1935,0.1838,0.1892,28061128.5,5294328.58261,40937,1760673599999
1760673600000,0.1892,0.1902,0.1696,0.1703,34355253.4,6169522.37718,42166,1760687999999
1760688000000,0.1703,0.1799,0.1676,0.1769,42797966.6,7423527.35395,43736,1760702399999
1760702400000,0.1769,0.1782,0.1694,0.1774,21799558.6,3787396.30747,30352,1760716799999
1760716800000,0.1773,0.1806,0.1746,0.1769,24658651.4,4376967.03009,35527,1760731199999
1760731200000,0.1770,0.1924,0.1763,0.1893,25913517.8,4810746.87096,32752,1760745599999
1760745600000,0.1891,0.2057,0.1802,0.1986,65249418.0,12760602.39732,112797,1760759999999
1760760000000,0.1987,0.2063,0.1955,0.1985,35242399.3,7069644.96991,55440,1760774399999
1760774400000,0.1984,0.2088,0.1953,0.2038,49072660.4,9878270.23223,66444,1760788799999
1760788800000,0.2039,0.2065,0.1975,0.2022,41078947.9,8286282.35480,53943,1760803199999
1760803200000,0.2022,0.2028,0.1963,0.2003,16422482.4,3272537.49216,28553,1760817599999
1760817600000,0.2003,0.2019,0.1970,0.1983,9158763.3,1825302.00916,16720,1760831999999
1760832000000,0.1984,0.2002,0.1920,0.1973,20758370.8,4071738.42803,29725,1760846399999
1760846400000,0.1974,0.1985,0.1922,0.1944,10775984.1,2100724.63462,17694,1760860799999
1760860800000,0.1945,0.2009,0.1896,0.1954,25899140.2,5065903.05434,37365,1760875199999
1760875200000,0.1954,0.2019,0.1938,0.1984,19111518.8,3786346.46195,30341,1760889599999
1760889600000,0.1984,0.1998,0.1936,0.1941,12611289.9,2475130.13446,20268,1760903999999
1760904000000,0.1942,0.1973,0.1924,0.1956,9828265.5,1913959.40269,17294,1760918399999
1760918400000,0.1956,0.1993,0.1889,0.1982,19815458.5,3837734.51651,34055,1760932799999
1760932800000,0.1982,0.2058,0.1965,0.1990,21752174.1,4358115.74200,36507,1760947199999
1760947200000,0.1990,0.2010,0.1919,0.1924,13727903.7,2690008.08294,23951,1760961599999
1760961600000,0.1924,0.1960,0.1916,0.1920,10543308.7,2043040.27069,23622,1760975999999
1760976000000,0.1919,0.1966,0.1884,0.1938,15975494.4,3062112.33359,28534,1760990399999
1760990400000,0.1938,0.1938,0.1874,0.1878,8897598.9,1696970.77471,17282,1761004799999
1761004800000,0.1878,0.1888,0.1822,0.1838,14926645.2,2753401.40587,24591,1761019199999
1761019200000,0.1838,0.1855,0.1761,0.1780,17789303.3,3211369.85993,26270,1761033599999
1761033600000,0.1780,0.1784,0.1729,0.1775,19594138.8,3434419.26295,25818,1761047999999
1761048000000,0.1775,0.1867,0.1772,0.1863,25051322.4,4535086.27371,32210,1761062399999
1761062400000,0.1863,0.1878,0.1829,0.1832,16886228.6,3131769.98111,25434,1761076799999
1761076800000,0.1833,0.1835,0.1743,0.1749,11694651.7,2096221.10285,19858,1761091199999
1761091200000,0.1749,0.1763,0.1722,0.1746,8202271.8,1428657.30030,15551,1761105599999
1761105600000,0.1746,0.1766,0.1720,0.1749,6126205.8,1066714.21537,12141,1761119999999
1761120000000,0.1748,0.1809,0.1706,0.1786,15325950.2,2684245.71523,24347,1761134399999
1761134400000,0.1786,0.1803,0.1740,0.1790,14379665.4,2545851.52786,27711,1761148799999
1761148800000,0.1791,0.1801,0.1743,0.1761,8979363.0,1592737.62578,19386,1761163199999
1761163200000,0.1761,0.1765,0.1681,0.1713,11395209.8,1954857.50043,18816,1761177599999
1761177600000,0.1713,0.1749,0.1706,0.1737,4839417.4,834925.04058,10126,1761191999999
1761192000000,0.1737,0.1763,0.1723,0.1743,5507698.0,959322.42598,11197,1761206399999
1761206400000,0.1744,0.1757,0.1725,0.1728,5853546.9,1021012.17535,11167,1761220799999
1761220800000,0.1728,0.1756,0.1706,0.1742,8430906.2,1455607.10522,16361,1761235199999
1761235200000,0.1742,0.1768,0.1728,0.1738,6906951.9,1208620.79768,12561,1761249599999
1761249600000,0.1737,0.1743,0.1711,0.1742,4097041.6,707675.83520,8471,1761263999999
1761264000000,0.1743,0.1746,0.1722,0.1728,3967584.0,688073.58869,9224,1761278399999
1761278400000,0.1729,0.1771,0.1724,0.1757,5461258.1,959048.69540,10539,1761292799999
1761292800000,0.1757,0.1765,0.1716,0.1738,4971680.7,865493.57505,10948,1761307199999
1761307200000,0.1738,0.1775,0.1695,0.1703,10596773.8,1832936.72990,17831,1761321599999
1761321600000,0.1703,0.1718,0.1687,0.1708,5055805.2,860265.81485,9690,1761335999999
1761336000000,0.1708,0.1722,0.1698,0.1700,3850720.9,658111.20617,7164,1761350399999
1761350400000,0.1700,0.1708,0.1668,0.1687,10200041.7,1725092.96569,14404,1761364799999
1761364800000,0.1686,0.1702,0.1653,0.1654,7599861.1,1275657.18206,11686,1761379199999
1761379200000,0.1654,0.1677,0.1644,0.1654,6686948.8,1109342.98066,10795,1761393599999
1761393600000,0.1655,0.1664,0.1649,0.1658,5043746.5,835676.99306,8620,1761407999999
1761408000000,0.1659,0.1674,0.1654,0.1663,3015648.0,501553.70839,6375,1761422399999
1761422400000,0.1664,0.1669,0.1652,0.1661,2466467.3,409308.71840,5132,1761436799999
1761436800000,0.1660,0.1660,0.1617,0.1623,7344778.5,1200310.11218,11081,1761451199999
1761451200000,0.1623,0.1658,0.1622,0.1656,4092029.2,671997.34140,7574,1761465599999
1761465600000,0.1656,0.1715,0.1649,0.1712,8218677.9,1377498.21146,14423,1761479999999
1761480000000,0.1712,0.1741,0.1702,0.1727,9374279.8,1616614.34921,14243,1761494399999
1761494400000,0.1726,0.1739,0.1714,0.1727,3787767.9,653822.57299,8316,1761508799999
1761508800000,0.1727,0.1757,0.1703,0.1724,5719607.3,989977.01737,12036,1761523199999
1761523200000,0.1724,0.1913,0.1710,0.1838,53457489.8,9818048.04825,68129,1761537599999
1761537600000,0.1838,0.1850,0.1785,0.1825,20016652.7,3649293.89541,32292,1761551999999
1761552000000,0.1824,0.1828,0.1749,0.1796,23007124.3,4102804.42946,31605,1761566399999
1761566400000,0.1796,0.1820,0.1765,0.1808,15512727.1,2781404.88663,22689,1761580799999
1761580800000,0.1808,0.1824,0.1750,0.1753,12691315.7,2261264.94506,19056,1761595199999
1761595200000,0.1753,0.1754,0.1704,0.1712,11292525.6,1953489.75237,16344,1761609599999
1761609600000,0.1713,0.1717,0.1674,0.1677,13425010.4,2277479.65992,17773,1761623999999
1761624000000,0.1677,0.1701,0.1655,0.1671,11781066.4,1974199.98816,14681,1761638399999
1761638400000,0.1672,0.1688,0.1667,0.1676,5561360.8,932630.76760,9233,1761652799999
1761652800000,0.1676,0.1715,0.1657,0.1685,10635011.9,1793667.16094,16074,1761667199999
1761667200000,0.1685,0.1708,0.1643,0.1656,9728982.9,1631802.30407,16647,1761681599999
1761681600000,0.1655,0.1664,0.1600,0.1662,13750480.9,2249307.22214,16368,1761695999999
1761696000000,0.1662,0.1678,0.1654,0.1659,6456159.2,1075451.34290,10147,1761710399999
1761710400000,0.1660,0.1677,0.1656,0.1663,3484365.2,580219.44526,7037,1761724799999
1761724800000,0.1664,0.1685,0.1653,0.1674,4531044.2,756355.76878,9064,1761739199999
1761739200000,0.1675,0.1682,0.1637,0.1645,6990070.5,1163557.15269,12072,1761753599999
1761753600000,0.1644,0.1694,0.1611,0.1679,16660623.8,2757977.95453,23454,1761767999999
1761768000000,0.1680,0.1713,0.1666,0.1673,7902143.0,1334318.01111,14393,1761782399999
1761782400000,0.1673,0.1740,0.1658,0.1706,10502849.3,1794452.92117,18915,1761796799999
1761796800000,0.1705,0.1723,0.1649,0.1707,15960849.6,2701079.56387,24253,1761811199999
1761811200000,0.1706,0.1707,0.1636,0.1638,10165833.7,1696856.03324,14164,1761825599999
1761825600000,0.1639,0.1649,0.1556,0.1570,25825633.6,4123137.63001,27533,1761839999999
1761840000000,0.1570,0.1597,0.1542,0.1550,14420375.6,2259068.10284,19897,1761854399999
1761854400000,0.1551,0.1589,0.1545,0.1585,8192480.3,1282557.99705,12730,1761868799999
1761868800000,0.1586,0.1598,0.1578,0.1596,4669486.1,741660.75288,8695,1761883199999
1761883200000,0.1596,0.1620,0.1587,0.1596,5806048.4,931521.03705,9141,1761897599999
1761897600000,0.1595,0.1623,0.1587,0.1617,5151469.4,823675.07331,8750,1761911999999
1761912000000,0.1617,0.1629,0.1600,0.1610,6018431.5,972525.11114,11780,1761926399999
1761926400000,0.1609,0.1623,0.1563,0.1617,9180003.7,1457624.97473,15467,1761940799999
1761940800000,0.1617,0.1623,0.1595,0.1620,3290301.4,529891.86767,6718,1761955199999
1761955200000,0.1620,0.1665,0.1615,0.1653,6303753.5,1036930.26978,11900,1761969599999
1761969600000,0.1654,0.1794,0.1643,0.1745,33480293.9,5831402.90719,42586,1761983999999
1761984000000,0.1746,0.1868,0.1743,0.1842,43640828.2,7921143.97719,61820,1761998399999
1761998400000,0.1843,0.1957,0.1763,0.1941,56895099.2,10570656.38330,67715,1762012799999
1762012800000,0.1940,0.1974,0.1877,0.1921,40781445.5,7859453.68803,54787,1762027199999
1762027200000,0.1921,0.1937,0.1868,0.1908,20301174.0,3880900.57766,27846,1762041599999
1762041600000,0.1907,0.1910,0.1845,0.1889,27952816.7,5237813.53333,32219,1762055999999
1762056000000,0.1888,0.1954,0.1851,0.1944,25566920.3,4853202.98368,32166,1762070399999
1762070400000,0.1943,0.1943,0.1866,0.1884,20250594.6,3849828.88849,29834,1762084799999
1762084800000,0.1884,0.1889,0.1808,0.1808,15943265.0,2941363.58223,23664,1762099199999
1762099200000,0.1808,0.1838,0.1787,0.1821,8569743.9,1558357.73107,14633,1762113599999
1762113600000,0.1822,0.2022,0.1820,0.2016,22093225.3,4259216.87732,33869,1762127999999
1762128000000,0.2017,0.2050,0.1846,0.1854,36318377.8,7097986.05018,62880,1762142399999
1762142400000,0.1854,0.1872,0.1818,0.1857,21529782.1,3970653.75999,32985,1762156799999
1762156800000,0.1856,0.1965,0.1830,0.1890,37031853.5,7027469.56265,54802,1762171199999
1762171200000,0.1890,0.1921,0.1732,0.1822,33584613.8,6211635.36399,48916,1762185599999
1762185600000,0.1823,0.1974,0.1811,0.1936,34400910.9,6573736.71130,57419,1762199999999
1762200000000,0.1935,0.2035,0.1910,0.2008,40497982.9,8035123.60097,67593,1762214399999
1762214400000,0.2008,0.2162,0.1970,0.2153,72314233.2,14959968.86312,104305,1762228799999
1762228800000,0.2153,0.2231,0.2073,0.2185,85812537.6,18485255.80295,129954,1762243199999
1762243200000,0.2185,0.2220,0.2105,0.2111,44363694.8,9590237.95059,79911,1762257599999
1762257600000,0.2111,0.2164,0.2024,0.2108,42161876.1,8845779.56829,68994,1762271999999
1762272000000,0.2108,0.2115,0.1970,0.2000,44091430.0,8981233.00448,70108,1762286399999
1762286400000,0.2001,0.2003,0.1771,0.1942,61845571.5,11883843.39549,78977,1762300799999
1762300800000,0.1943,0.2006,0.1810,0.1923,40319406.6,7681907.99858,65925,1762315199999
1762315200000,0.1923,0.1930,0.1870,0.1870,16976573.0,3223128.12720,28834,1762329599999
1762329600000,0.1870,0.1940,0.1835,0.1924,19077044.5,3570682.35240,36088,1762343999999
1762344000000,0.1924,0.2013,0.1908,0.1967,24520213.2,4812186.54080,43681,1762358399999
1762358400000,0.1969,0.1989,0.1919,0.1922,13516219.7,2633730.31740,26197,1762372799999
1762372800000,0.1922,0.1954,0.1895,0.1901,11254604.8,2159508.02231,22843,1762387199999
1762387200000,0.1900,0.1962,0.1850,0.1960,18536014.0,3505255.67596,28511,1762401599999
1762401600000,0.1960,0.2059,0.1944,0.1994,37564098.5,7511353.35961,64130,1762415999999
1762416000000,0.1993,0.2134,0.1953,0.2122,37511547.1,7690095.60741,62160,1762430399999
1762430400000,0.2123,0.2211,0.2079,0.2147,46215631.4,9880709.86961,81934,1762444799999
1762444800000,0.2149,0.2230,0.2083,0.2183,38774392.0,8402863.02440,71882,1762459199999
1762459200000,0.2185,0.2201,0.2071,0.2102,19929484.0,4263802.23599,40234,1762473599999
1762473600000,0.2104,0.2291,0.2067,0.2239,51739505.7,11362879.65066,82862,1762487999999
1762488000000,0.2238,0.2331,0.2169,0.2277,35865461.4,8039390.50028,58030,1762502399999
1762502400000,0.2276,0.2281,0.2126,0.2162,26334501.5,5769664.41705,45085,1762516799999
1762516800000,0.2162,0.2314,0.2137,0.2280,35528920.3,7944315.38806,59334,1762531199999
1762531200000,0.2279,0.2395,0.2242,0.2324,34591030.5,8077164.87661,64905,1762545599999
1762545600000,0.2324,0.2331,0.2246,0.2258,17639218.5,4037192.03648,33427,1762559999999
1762560000000,0.2258,0.2270,0.2160,0.2163,19053458.2,4230119.14699,35136,1762574399999
1762574400000,0.2164,0.2188,0.2083,0.2134,18008432.7,3839239.83774,35295,1762588799999
1762588800000,0.2134,0.2192,0.2115,0.2160,14960026.4,3214002.93186,29070,1762603199999
1762603200000,0.2160,0.2184,0.2106,0.2143,15818268.7,3402259.84519,31137,1762617599999
1762617600000,0.2143,0.2176,0.2092,0.2152,10221254.4,2179534.63898,23527,1762631999999
1762632000000,0.2151,0.2154,0.2115,0.2129,6081998.3,1296921.38992,13903,1762646399999
1762646400000,0.2129,0.2129,0.2016,0.2037,14041712.4,2901230.92931,25166,1762660799999
1762660800000,0.2037,0.2110,0.2029,0.2105,7714550.6,1587489.29244,19063,1762675199999
1762675200000,0.2105,0.2137,0.2067,0.2103,13180896.0,2776042.98567,28034,1762689599999
1762689600000,0.2103,0.2139,0.2056,0.2123,12880008.3,2700480.91903,26531,1762703999999
1762704000000,0.2124,0.2147,0.2095,0.2143,6672258.0,1418547.28069,17611,1762718399999
1762718400000,0.2143,0.2154,0.2093,0.2114,7352863.6,1560354.60632,18413,1762732799999
1762732800000,0.2113,0.2290,0.2092,0.2270,19427359.2,4269653.40625,43714,1762747199999
1762747200000,0.2270,0.2392,0.2269,0.2340,34606650.1,8094891.50573,72927,1762761599999
1762761600000,0.2340,0.2350,0.2269,0.2338,18227382.1,4215090.39965,37803,1762775999999
1762776000000,0.2337,0.2414,0.2253,0.2305,27513572.1,6427953.19697,53941,1762790399999
1762790400000,0.2305,0.2312,0.2250,0.2283,12635871.2,2879967.37459,29963,1762804799999
1762804800000,0.2282,0.2289,0.2203,0.2225,11716430.7,2627044.18143,25989,1762819199999
1762819200000,0.2226,0.2382,0.2188,0.2360,21959127.3,5013531.36539,50510,1762833599999
1762833600000,0.2359,0.2388,0.2226,0.2226,17220075.8,3964335.65436,39599,1762847999999
1762848000000,0.2228,0.2256,0.2198,0.2233,10008627.2,2225095.50751,27182,1762862399999
1762862400000,0.2233,0.2267,0.2187,0.2225,14497683.6,3224546.47610,34277,1762876799999
1762876800000,0.2223,0.2260,0.2123,0.2128,11558277.0,2528761.27131,29768,1762891199999
1762891200000,0.2128,0.2141,0.2076,0.2083,9372644.4,1975707.32976,22151,1762905599999
1762905600000,0.2084,0.2173,0.2058,0.2128,14873972.6,3157488.28441,35211,1762919999999
1762920000000,0.2129,0.2211,0.2119,0.2139,10459028.2,2266727.97614,22760,1762934399999
1762934400000,0.2138,0.2167,0.2088,0.2107,11371844.9,2417990.11282,23967,1762948799999
1762948800000,0.2107,0.2130,0.2045,0.2052,13458588.9,2826113.04593,26812,1762963199999
1762963200000,0.2053,0.2059,0.1941,0.1959,16369990.5,3268931.65778,33774,1762977599999
1762977600000,0.1959,0.2003,0.1954,0.1986,7502150.7,1490613.92986,17463,1762991999999
1762992000000,0.1987,0.2028,0.1960,0.1993,10510198.9,2093018.79679,25440,1763006399999
1763006400000,0.1993,0.2012,0.1959,0.1966,8296820.9,1647874.75853,21134,1763020799999
1763020800000,0.1967,0.2011,0.1967,0.1992,7348820.3,1460339.51995,17044,1763035199999
1763035200000,0.1993,0.2023,0.1950,0.1973,10832541.2,2154750.80384,24754,1763049599999
1763049600000,0.1973,0.1975,0.1769,0.1777,33708115.2,6221718.22289,49965,1763063999999
1763064000000,0.1778,0.1816,0.1759,0.1787,12306322.8,2196885.03558,26675,1763078399999
1763078400000,0.1786,0.1801,0.1756,0.1770,12147849.6,2153310.85906,26132,1763092799999
1763092800000,0.1770,0.1772,0.1693,0.1716,23589080.7,4069445.16139,32415,1763107199999
1763107200000,0.1717,0.1736,0.1692,0.1726,8430341.6,1446373.79434,16986,1763121599999
1763121600000,0.1726,0.1835,0.1700,0.1823,18116394.0,3192651.77524,31189,1763135999999
1763136000000,0.1824,0.1841,0.1740,0.1746,16534349.8,2951373.10144,27886,1763150399999
1763150400000,0.1746,0.1756,0.1625,0.1634,28483477.9,4775402.26827,40410,1763164799999
1763164800000,0.1634,0.1816,0.1632,0.1774,21249671.5,3662478.07258,33727,1763179199999
1763179200000,0.1774,0.1804,0.1742,0.1768,18169693.2,3227365.72645,30051,1763193599999
1763193600000,0.1768,0.1774,0.1733,0.1760,11797597.9,2068898.04511,20838,1763207999999
1763208000000,0.1759,0.1842,0.1753,0.1787,30137714.7,5408456.28286,39827,1763222399999
1763222400000,0.1787,0.1787,0.1752,0.1760,9641101.6,1706769.44132,18615,1763236799999
1763236800000,0.1760,0.1797,0.1743,0.1791,8515106.9,1502853.47379,18716,1763251199999
1763251200000,0.1791,0.1799,0.1746,0.1761,11421040.0,2024066.05796,23804,1763265599999
1763265600000,0.1761,0.1851,0.1738,0.1792,14836799.6,2663437.44419,25166,1763279999999
1763280000000,0.1792,0.1823,0.1758,0.1766,14643310.3,2619834.58617,21593,1763294399999
1763294400000,0.1766,0.1819,0.1758,0.1768,13712209.3,2444500.34358,22146,1763308799999
1763308800000,0.1769,0.1773,0.1690,0.1701,15957227.3,2754012.88060,27191,1763323199999
1763323200000,0.1699,0.1752,0.1654,0.1742,14892819.7,2539237.90415,21115,1763337599999
1763337600000,0.1743,0.1840,0.1735,0.1801,23544310.5,4193176.40784,34998,1763351999999
1763352000000,0.1801,0.1824,0.1778,0.1804,11556881.9,2080535.48910,20115,1763366399999
1763366400000,0.1803,0.1817,0.1773,0.1790,8240205.9,1477562.77055,17540,1763380799999
1763380800000,0.1790,0.1898,0.1758,0.1812,27924013.7,5102110.18517,38675,1763395199999
1763395200000,0.1813,0.1813,0.1674,0.1676,26614136.2,4618442.96441,33692,1763409599999
1763409600000,0.1676,0.1737,0.1665,0.1728,17045014.5,2894646.48776,24002,1763423999999
1763424000000,0.1728,0.1751,0.1675,0.1721,17876594.1,3067745.97605,28140,1763438399999
1763438400000,0.1723,0.1727,0.1647,0.1654,18985219.2,3189684.97099,25441,1763452799999
1763452800000,0.1654,0.1677,0.1643,0.1658,11464995.0,1903068.01094,17240,1763467199999
1763467200000,0.1659,0.1749,0.1653,0.1719,18413024.9,3124191.11382,24638,1763481599999
1763481600000,0.1721,0.1778,0.1715,0.1748,11138033.7,1946808.91114,21322,1763495999999
1763496000000,0.1748,0.1768,0.1712,0.1735,8614493.4,1501529.36947,13115,1763510399999
1763510400000,0.1735,0.1760,0.1700,0.1705,7459856.0,1292913.22864,15034,1763524799999
1763524800000,0.1704,0.1839,0.1701,0.1815,30314547.8,5378519.99541,38622,1763539199999
1763539200000,0.1815,0.1861,0.1775,0.1783,19340341.5,3524810.13650,25817,1763553599999
1763553600000,0.1784,0.1807,0.1738,0.1744,17569967.5,3108940.45038,24717,1763567999999
1763568000000,0.1744,0.1754,0.1627,0.1707,22840524.2,3884536.91855,24812,1763582399999
1763582400000,0.1707,0.1819,0.1704,0.1801,20367416.7,3620808.16868,29300,1763596799999
1763596800000,0.1801,0.1840,0.1787,0.1822,8688223.3,1580212.42097,16258,1763611199999
1763611200000,0.1821,0.1867,0.1788,0.1854,10362789.6,1896026.36030,18149,1763625599999
1763625600000,0.1853,0.1920,0.1847,0.1857,12286033.7,2317164.01525,22341,1763639999999
1763640000000,0.1856,0.1859,0.1756,0.1797,22116819.7,3983944.31768,30232,1763654399999
1763654400000,0.1796,0.1796,0.1699,0.1721,19563963.1,3421987.94221,28656,1763668799999
1763668800000,0.1720,0.1765,0.1694,0.1699,11602016.2,2004101.35777,18633,1763683199999
1763683200000,0.1700,0.1757,0.1676,0.1676,12601545.3,2161993.61426,21410,1763697599999
1763697600000,0.1676,0.1743,0.1581,0.1674,28163085.1,4727896.33971,33937,1763711999999
1763712000000,0.1673,0.1730,0.1639,0.1651,18528050.5,3120466.19860,28878,1763726399999
1763726400000,0.1652,0.1730,0.1616,0.1679,22238592.1,3751855.03537,30975,1763740799999
1763740800000,0.1681,0.1790,0.1658,0.1761,34047468.5,5951474.57687,36026,1763755199999
1763755200000,0.1761,0.1790,0.1711,0.1769,24677116.8,4314975.31387,28496,1763769599999
1763769600000,0.1768,0.1807,0.1755,0.1778,10542357.2,1877662.54540,22277,1763783999999
1763784000000,0.1780,0.1818,0.1740,0.1813,17748380.2,3154410.42022,26864,1763798399999
1763798400000,0.1813,0.1872,0.1790,0.1830,19584741.5,3590033.32581,31275,1763812799999
1763812800000,0.1830,0.1916,0.1793,0.1901,32911191.7,6148927.24942,41675,1763827199999
1763827200000,0.1901,0.1995,0.1887,0.1982,34377303.4,6656567.51290,42516,1763841599999
1763841600000,0.1983,0.2008,0.1928,0.1950,25335308.1,4995583.48241,39402,1763855999999
1763856000000,0.1949,0.1973,0.1885,0.1908,16150547.6,3114296.09324,29518,1763870399999
1763870400000,0.1908,0.1986,0.1897,0.1945,22562123.0,4399396.08316,34022,1763884799999
1763884800000,0.1946,0.1964,0.1908,0.1920,11247645.9,2175483.69080,20852,1763899199999
1763899200000,0.1920,0.2018,0.1893,0.1910,22489436.8,4374759.08078,33000,1763913599999
1763913600000,0.1910,0.1943,0.1895,0.1915,9662211.9,1851280.61484,19114,1763927999999
1763928000000,0.1916,0.1921,0.1892,0.1911,7911046.7,1508896.26459,15422,1763942399999
1763942400000,0.1912,0.1951,0.1885,0.1935,10444573.1,2004046.36358,18230,1763956799999
1763956800000,0.1935,0.2050,0.1921,0.2042,26554689.2,5246072.16475,36865,1763971199999
1763971200000,0.2043,0.2067,0.2003,0.2034,21900221.6,4460539.70042,40735,1763985599999
1763985600000,0.2033,0.2173,0.2026,0.2156,30679864.0,6419820.03361,51416,1763999999999
1764000000000,0.2156,0.2190,0.2127,0.2141,26663349.6,5764033.32262,47281,1764014399999
1764014400000,0.2140,0.2151,0.2088,0.2097,15330991.2,3252358.51337,31429,1764028799999
1764028800000,0.2095,0.2111,0.2047,0.2061,19057930.6,3955525.93623,26945,1764043199999
1764043200000,0.2060,0.2142,0.2039,0.2106,16253843.8,3379727.73483,23769,1764057599999
1764057600000,0.2105,0.2181,0.2068,0.2110,20132114.5,4282661.66386,39278,1764071999999
1764072000000,0.2109,0.2212,0.2082,0.2153,23497075.6,5056770.81052,37521,1764086399999
1764086400000,0.2154,0.2161,0.2098,0.2126,13446323.7,2857540.77569,27692,1764100799999
1764100800000,0.2126,0.2155,0.2088,0.2104,11310050.3,2397195.23341,21051,1764115199999
1764115200000,0.2103,0.2109,0.2057,0.2058,8969594.1,1865872.53203,16773,1764129599999
1764129600000,0.2058,0.2083,0.2051,0.2063,6824873.8,1409380.63214,15412,1764143999999
1764144000000,0.2062,0.2133,0.2052,0.2074,12000748.6,2509001.17566,21441,1764158399999
1764158400000,0.2074,0.2266,0.2074,0.2151,25720203.1,5621026.93372,46733,1764172799999
1764172800000,0.2151,0.2250,0.2136,0.2217,11893980.4,2618856.55001,26801,1764187199999
1764187200000,0.2218,0.2277,0.2173,0.2257,11135576.6,2483567.44898,23886,1764201599999
1764201600000,0.2257,0.2287,0.2190,0.2228,11027568.9,2472202.32976,23220,1764215999999
1764216000000,0.2228,0.2296,0.2197,0.2255,15778796.2,3548853.31367,31482,1764230399999
1764230400000,0.2255,0.2278,0.2224,0.2268,9125906.8,2051259.04770,21639,1764244799999
1764244800000,0.2269,0.2582,0.2261,0.2574,61380356.9,15019882.65287,102658,1764259199999
1764259200000,0.2574,0.2642,0.2511,0.2594,60858540.7,15698311.98461,103479,1764273599999
1764273600000,0.2593,0.2632,0.2566,0.2587,24770874.6,6423387.40693,47574,1764287999999
1764288000000,0.2588,0.2665,0.2538,0.2585,57834794.0,14972362.40232,86846,1764302399999
1764302400000,0.2583,0.2695,0.2564,0.2665,82555001.9,21816066.54187,112962,1764316799999
1764316800000,0.2665,0.2768,0.2631,0.2724,105039233.2,28420975.46592,148125,1764331199999
1764331200000,0.2723,0.2897,0.2680,0.2871,127294969.5,35812825.52670,219685,1764345599999
1764345600000,0.2872,0.2908,0.2768,0.2807,58379784.6,16469767.73694,110668,1764359999999
1764360000000,0.2806,0.2823,0.2701,0.2727,31140088.8,8550974.15065,62374,1764374399999
1764374400000,0.2727,0.2790,0.2685,0.2726,31813899.4,8683028.46268,59178,1764388799999
1764388800000,0.2728,0.2820,0.2665,0.2723,35254553.7,9654574.68797,64399,1764403199999
1764403200000,0.2723,0.2787,0.2697,0.2764,21868059.7,5993146.20317,47861,1764417599999
1764417600000,0.2763,0.2763,0.2553,0.2592,40222095.1,10592984.03456,76199,1764431999999
1764432000000,0.2591,0.2755,0.2573,0.2686,32317512.8,8572716.71736,69198,1764446399999
1764446400000,0.2686,0.2700,0.2625,0.2668,14438231.4,3850999.58305,38869,1764460799999
1764460800000,0.2669,0.2739,0.2624,0.2647,17260813.0,4632493.93663,47281,1764475199999
1764475200000,0.2648,0.2726,0.2602,0.2712,15901300.1,4244309.52778,46428,1764489599999
1764489600000,0.2712,0.2774,0.2671,0.2688,25971222.9,7077657.83391,68065,1764503999999
1764504000000,0.2688,0.2882,0.2672,0.2841,39192550.4,10946469.87504,90545,1764518399999
1764518400000,0.2842,0.2888,0.2771,0.2822,27346239.1,7689101.64624,67294,1764532799999
1764532800000,0.2823,0.2833,0.2707,0.2741,20083255.0,5564735.52011,43969,1764547199999
1764547200000,0.2740,0.2741,0.2535,0.2542,55924970.1,14761912.62932,90919,1764561599999
1764561600000,0.2542,0.2608,0.2509,0.2542,34608851.1,8846805.12345,62157,1764575999999
1764576000000,0.2542,0.2589,0.2479,0.2574,24429799.4,6210976.04126,44685,1764590399999
1764590400000,0.2573,0.2607,0.2453,0.2456,28534093.8,7228417.55792,53474,1764604799999
1764604800000,0.2458,0.2541,0.2453,0.2497,18474891.7,4592730.51327,39693,1764619199999
1764619200000,0.2499,0.2521,0.2420,0.2435,13759852.9,3407734.55154,28884,1764633599999
1764633600000,0.2435,0.2534,0.2413,0.2501,23151716.9,5732381.34101,41114,1764647999999
1764648000000,0.2500,0.2562,0.2461,0.2474,20848175.2,5221786.96907,36947,1764662399999
1764662400000,0.2475,0.2500,0.2435,0.2456,16493277.6,4065632.92185,30243,1764676799999
1764676800000,0.2456,0.2676,0.2422,0.2603,32890174.9,8329269.39276,51526,1764691199999
1764691200000,0.2603,0.2604,0.2482,0.2485,17644753.6,4472904.93102,35573,1764705599999
1764705600000,0.2486,0.2487,0.2392,0.2400,16944231.5,4138854.87871,31452,1764719999999
1764720000000,0.2401,0.2416,0.2361,0.2383,13469000.9,3215843.22283,28924,1764734399999
1764734400000,0.2383,0.2490,0.2372,0.2464,19802237.9,4821416.09536,38697,1764748799999
1764748800000,0.2464,0.2772,0.2461,0.2769,46036492.4,12155723.78007,94276,1764763199999
1764763200000,0.2769,0.2851,0.2701,0.2826,63379494.0,17554014.11005,119232,1764777599999
1764777600000,0.2825,0.2835,0.2720,0.2767,24177633.8,6709730.83824,54230,1764791999999
1764792000000,0.2766,0.2777,0.2691,0.2707,14492231.8,3967825.79740,32892,1764806399999
1764806400000,0.2706,0.2737,0.2668,0.2734,13958615.4,3764217.22671,30869,1764820799999
1764820800000,0.2734,0.2753,0.2646,0.2710,23015398.9,6238986.83480,46225,1764835199999
1764835200000,0.2710,0.2726,0.2682,0.2691,12159120.6,3282110.78045,28537,1764849599999
1764849600000,0.2691,0.2727,0.2623,0.2649,15184313.5,4061019.65549,29018,1764863999999
1764864000000,0.2650,0.2687,0.2594,0.2632,9818617.4,2593318.01413,25252,1764878399999
1764878400000,0.2633,0.2804,0.2617,0.2755,16975903.1,4620355.26968,38966,1764892799999
1764892800000,0.2754,0.3015,0.2737,0.2921,42747900.3,12405425.53729,94602,1764907199999
1764907200000,0.2921,0.2943,0.2706,0.2716,31786851.9,9059993.51902,62991,1764921599999
1764921600000,0.2716,0.2741,0.2493,0.2520,46123810.4,12005572.45391,75219,1764935999999
1764936000000,0.2520,0.2564,0.2489,0.2504,18141992.0,4585024.34386,41974,1764950399999
1764950400000,0.2505,0.2507,0.2428,0.2467,19638665.3,4834679.31704,35682,1764964799999
1764964800000,0.2468,0.2472,0.2414,0.2428,12259010.9,2993628.42529,21588,1764979199999
1764979200000,0.2428,0.2577,0.2396,0.2572,21756627.7,5379063.62487,36088,1764993599999
1764993600000,0.2570,0.2629,0.2504,0.2528,26452224.9,6771836.78295,47557,1765007999999
1765008000000,0.2528,0.2675,0.2510,0.2635,26093638.4,6823104.51492,53754,1765022399999
1765022400000,0.2635,0.2642,0.2502,0.2514,18311106.1,4698608.14480,38408,1765036799999
1765036800000,0.2513,0.2554,0.2483,0.2501,10182332.1,2567767.72828,24092,1765051199999
1765051200000,0.2501,0.2512,0.2458,0.2473,8734579.4,2171016.13513,17943,1765065599999
1765065600000,0.2473,0.2511,0.2460,0.2482,12078992.1,2998535.58036,20750,1765079999999
1765080000000,0.2483,0.2533,0.2473,0.2485,7682793.4,1917776.53938,19186,1765094399999
1765094400000,0.2485,0.2493,0.2426,0.2461,10796558.1,2657278.47320,20525,1765108799999
1765108800000,0.2463,0.2499,0.2395,0.2493,13501141.0,3302392.15939,27483,1765123199999
1765123200000,0.2493,0.2650,0.2458,0.2584,19415519.5,4956782.32628,41681,1765137599999
1765137600000,0.2583,0.2585,0.2466,0.2527,10944566.7,2768379.95542,27410,1765151999999
1765152000000,0.2528,0.2560,0.2488,0.2556,9255215.9,2332713.52491,23717,1765166399999
1765166400000,0.2558,0.2635,0.2537,0.2571,11274618.0,2919872.54443,26877,1765180799999
1765180800000,0.2572,0.2692,0.2563,0.2624,15169289.9,3997968.06516,31237,1765195199999
1765195200000,0.2624,0.2640,0.2502,0.2528,18449125.2,4747162.95901,37062,1765209599999
1765209600000,0.2529,0.2564,0.2509,0.2536,8709404.5,2209898.65140,21779,1765223999999
1765224000000,0.2537,0.2595,0.2536,0.2557,6034038.1,1551831.20104,17434,1765238399999
1765238400000,0.2556,0.2561,0.2508,0.2533,8378048.0,2125223.46129,19675,1765252799999
1765252800000,0.2534,0.2625,0.2510,0.2615,15398603.1,3963299.57494,32902,1765267199999
1765267200000,0.2616,0.2674,0.2578,0.2581,12891981.3,3384524.19989,30796,1765281599999
1765281600000,0.2581,0.2709,0.2574,0.2686,13702338.5,3618542.05451,30225,1765295999999
1765296000000,0.2685,0.2765,0.2676,0.2726,15261753.4,4151904.42828,35366,1765310399999
1765310400000,0.2725,0.2730,0.2660,0.2682,8129509.2,2188092.20007,23268,1765324799999
1765324800000,0.2681,0.2685,0.2626,0.2644,7133979.9,1891133.32438,18930,1765339199999
1765339200000,0.2643,0.2686,0.2632,0.2666,9885624.8,2627035.47263,19566,1765353599999
1765353600000,0.2667,0.2696,0.2584,0.2610,12985022.9,3416280.12271,28092,1765367999999
1765368000000,0.2608,0.2767,0.2590,0.2724,18069805.7,4841321.71086,38423,1765382399999
1765382400000,0.2724,0.2750,0.2672,0.2711,12434129.1,3372080.70679,37608,1765396799999
1765396800000,0.2712,0.2738,0.2532,0.2548,25085785.9,6531493.65043,49084,1765411199999
1765411200000,0.2549,0.2556,0.2409,0.2425,16156923.3,3990969.98325,32497,1765425599999
1765425600000,0.2425,0.2620,0.2405,0.2558,21431780.5,5380800.89899,38213,1765439999999
1765440000000,0.2557,0.2627,0.2485,0.2605,18875225.1,4832739.90428,41947,1765454399999
1765454400000,0.2605,0.2681,0.2581,0.2664,16398991.7,4323224.16232,43637,1765468799999
1765468800000,0.2664,0.2742,0.2650,0.2732,13341330.1,3589267.10005,35936,1765483199999
1765483200000,0.2731,0.2875,0.2725,0.2793,28556064.6,8014027.32700,61421,1765497599999
1765497600000,0.2794,0.2930,0.2727,0.2904,40992116.3,11704486.86314,83165,1765511999999
1765512000000,0.2906,0.2928,0.2758,0.2781,29379638.5,8320925.88516,58986,1765526399999
1765526400000,0.2782,0.2855,0.2770,0.2790,19283494.3,5430375.03229,40182,1765540799999
1765540800000,0.2790,0.2817,0.2715,0.2745,19915377.9,5520190.35907,37402,1765555199999
1765555200000,0.2744,0.2779,0.2704,0.2751,16650295.5,4561666.53817,37847,1765569599999
1765569600000,0.2751,0.2811,0.2738,0.2788,8653679.2,2395580.77432,19957,1765583999999
1765584000000,0.2788,0.2864,0.2751,0.2826,15723166.6,4434176.50617,34196,1765598399999
1765598400000,0.2827,0.2864,0.2806,0.2811,13723076.3,3890545.02557,29445,1765612799999
1765612800000,0.2812,0.2832,0.2770,0.2789,10586171.0,2966926.34835,21839,1765627199999
1765627200000,0.2790,0.2815,0.2773,0.2792,6941686.7,1939252.88620,19762,1765641599999
1765641600000,0.2792,0.2816,0.2747,0.2804,8857758.5,2460051.66437,17579,1765655999999
1765656000000,0.2803,0.2812,0.2754,0.2777,4082830.7,1134223.57316,13952,1765670399999
1765670400000,0.2778,0.2816,0.2734,0.2741,8932776.6,2476971.02901,21849,1765684799999
1765684800000,0.2742,0.2756,0.2636,0.2655,14067675.2,3775849.74021,27230,1765699199999
1765699200000,0.2655,0.2675,0.2627,0.2660,8788496.8,2335109.40226,23452,1765713599999
1765713600000,0.2660,0.2712,0.2575,0.2589,13635741.3,3594708.20862,31200,1765727999999
1765728000000,0.2589,0.2624,0.2536,0.2539,8134581.2,2098976.68486,21585,1765742399999
1765742400000,0.2539,0.2550,0.2450,0.2471,12767588.3,3196321.55452,25993,1765756799999
1765756800000,0.2471,0.2547,0.2457,0.2510,20009579.1,5017278.66876,35202,1765771199999
1765771200000,0.2510,0.2559,0.2464,0.2477,11904689.8,2993250.10849,22742,1765785599999
1765785600000,0.2477,0.2508,0.2424,0.2430,17130173.1,4206355.27486,29182,1765799999999
1765800000000,0.2429,0.2465,0.2384,0.2396,18780928.7,4564986.22596,35612,1765814399999
1765814400000,0.2396,0.2416,0.2226,0.2271,31461037.1,7240260.00961,51528,1765828799999
1765828800000,0.2272,0.2285,0.2248,0.2266,13487398.9,3059125.44934,24485,1765843199999
1765843200000,0.2266,0.2273,0.2182,0.2199,12300271.0,2734449.72436,26340,1765857599999
1765857600000,0.2200,0.2279,0.2168,0.2205,15312181.1,3405868.02739,27973,1765871999999
1765872000000,0.2206,0.2280,0.2177,0.2277,11371654.2,2526673.60966,24478,1765886399999
1765886400000,0.2277,0.2290,0.2215,0.2262,14009411.3,3153575.97426,29057,1765900799999
1765900800000,0.2261,0.2388,0.2229,0.2334,23935865.2,5521331.09656,38298,1765915199999
1765915200000,0.2333,0.2334,0.2264,0.2273,8599916.6,1976626.17110,19529,1765929599999
1765929600000,0.2273,0.2290,0.2238,0.2256,7746066.6,1749880.68485,19721,1765943999999
1765944000000,0.2257,0.2263,0.2204,0.2213,7754061.1,1724656.16554,17770,1765958399999
1765958400000,0.2213,0.2215,0.2166,0.2185,7897125.6,1730252.78614,16193,1765972799999
1765972800000,0.2186,0.2326,0.2136,0.2212,26691278.2,5969189.49761,42386,1765987199999
1765987200000,0.2211,0.2233,0.2081,0.2126,19440003.9,4174074.30157,33060,1766001599999
1766001600000,0.2126,0.2148,0.2099,0.2105,7420227.5,1571627.24167,17841,1766015999999
1766016000000,0.2105,0.2139,0.2081,0.2117,11462781.7,2411737.82469,21801,1766030399999
1766030400000,0.2117,0.2179,0.2110,0.2168,14220068.9,3050847.25899,29991,1766044799999
1766044800000,0.2168,0.2187,0.2106,0.2156,16443854.9,3517786.47931,28096,1766059199999
1766059200000,0.2157,0.2219,0.2140,0.2201,15171311.1,3304516.28715,31010,1766073599999
1766073600000,0.2202,0.2206,0.2075,0.2097,21209195.0,4525994.00546,41641,1766087999999
1766088000000,0.2097,0.2160,0.2092,0.2134,9939048.8,2113633.27543,26927,1766102399999
1766102400000,0.2134,0.2160,0.2050,0.2127,15256047.4,3202072.06455,29242,1766116799999
1766116800000,0.2127,0.2187,0.2126,0.2160,7370152.6,1586177.95974,15035,1766131199999
1766131200000,0.2159,0.2195,0.2150,0.2186,5938532.3,1289045.31872,12491,1766145599999
1766145600000,0.2187,0.2226,0.2161,0.2185,10792413.2,2356126.39472,21630,1766159999999
1766160000000,0.2184,0.2227,0.2151,0.2198,7003663.8,1531494.96318,17707,1766174399999
1766174400000,0.2199,0.2227,0.2188,0.2225,4270699.8,945432.22946,10667,1766188799999
1766188800000,0.2225,0.2234,0.2188,0.2224,9274748.4,2049423.10585,14046,1766203199999
1766203200000,0.2225,0.2225,0.2170,0.2190,8798990.6,1929479.13594,13244,1766217599999
1766217600000,0.2190,0.2205,0.2165,0.2190,4801436.0,1048906.07353,11377,1766231999999
1766232000000,0.2191,0.2195,0.2167,0.2186,3559081.9,776395.75180,10745,1766246399999
1766246400000,0.2186,0.2199,0.2170,0.2187,3554750.2,776951.34354,9642,1766260799999
1766260800000,0.2187,0.2194,0.2181,0.2187,2086003.2,456322.80199,7353,1766275199999
1766275200000,0.2187,0.2191,0.2145,0.2154,4917986.0,1065192.34098,11025,1766289599999
1766289600000,0.2153,0.2155,0.2125,0.2131,5892573.7,1259610.10897,10887,1766303999999
1766304000000,0.2131,0.2156,0.2111,0.2112,6000069.4,1277790.06517,13117,1766318399999
1766318400000,0.2112,0.2119,0.2035,0.2050,13265842.5,2742234.48497,22488,1766332799999
1766332800000,0.2048,0.2062,0.2011,0.2050,8802733.3,1793441.74468,16009,1766347199999
1766347200000,0.2049,0.2080,0.2034,0.2069,3784646.2,777143.97893,11216,1766361599999
1766361600000,0.2069,0.2113,0.2045,0.2075,9873183.3,2054226.02887,21666,1766375999999
1766376000000,0.2074,0.2102,0.2058,0.2096,10064148.0,2098584.00050,16548,1766390399999
1766390400000,0.2095,0.2200,0.2083,0.2160,31467543.1,6776056.24982,34389,1766404799999
1766404800000,0.2160,0.2195,0.2106,0.2139,24409097.5,5236290.28930,32347,1766419199999
1766419200000,0.2139,0.2162,0.2092,0.2097,7835077.7,1669474.54504,20418,1766433599999
1766433600000,0.2096,0.2115,0.2079,0.2111,4677122.6,981288.72917,13032,1766447999999
1766448000000,0.2111,0.2206,0.2107,0.2171,16463211.7,3554415.94654,32505,1766462399999
1766462400000,0.2170,0.2170,0.2087,0.2098,11741862.9,2487564.14659,26555,1766476799999
1766476800000,0.2098,0.2107,0.2069,0.2089,7851548.9,1641127.63234,17480,1766491199999
1766491200000,0.2089,0.2102,0.2051,0.2080,7737424.8,1609650.34697,25217,1766505599999
1766505600000,0.2080,0.2111,0.2063,0.2087,5558260.3,1161993.58480,22711,1766519999999
1766520000000,0.2087,0.2106,0.2062,0.2064,2829542.0,588635.22047,10163,1766534399999
1766534400000,0.2064,0.2073,0.2001,0.2017,9932438.1,2017284.25083,17721,1766548799999
1766548800000,0.2019,0.2031,0.1991,0.1992,5746234.8,1151748.39723,10729,1766563199999
1766563200000,0.1992,0.2038,0.1979,0.2025,12032933.5,2423977.09588,18226,1766577599999
1766577600000,0.2025,0.2125,0.2021,0.2111,11787081.2,2445764.89388,28380,1766591999999
1766592000000,0.2111,0.2172,0.2105,0.2169,10384085.2,2226369.79969,20798,1766606399999
1766606400000,0.2169,0.2222,0.2166,0.2221,7573082.3,1656559.72358,15295,1766620799999
1766620800000,0.2220,0.2283,0.2173,0.2245,19336417.2,4311361.35185,35609,1766635199999
1766635200000,0.2245,0.2253,0.2197,0.2211,7749277.9,1722694.03719,19103,1766649599999
1766649600000,0.2210,0.2214,0.2127,0.2154,13604404.7,2943135.63224,23933,1766663999999
1766664000000,0.2153,0.2184,0.2139,0.2164,8578154.3,1852817.17885,17200,1766678399999
1766678400000,0.2163,0.2179,0.2119,0.2124,7263843.2,1553277.51696,14507,1766692799999
1766692800000,0.2124,0.2134,0.2063,0.2067,6178089.5,1295922.45211,14905,1766707199999
1766707200000,0.2067,0.2154,0.2050,0.2130,13387609.0,2825574.64294,22306,1766721599999
1766721600000,0.2130,0.2222,0.2115,0.2142,11668528.1,2521524.24278,19308,1766735999999
1766736000000,0.2142,0.2197,0.2141,0.2177,8990929.0,1949385.11785,16712,1766750399999
1766750400000,0.2177,0.2218,0.2136,0.2145,10896522.6,2369370.37651,22944,1766764799999
1766764800000,0.2144,0.2158,0.2108,0.2150,6083697.6,1297639.78683,15181,1766779199999
1766779200000,0.2149,0.2155,0.2128,0.2140,3162656.9,677176.99797,8375,1766793599999
1766793600000,0.2140,0.2171,0.2128,0.2158,4496388.6,965950.70643,10133,1766807999999
1766808000000,0.2159,0.2178,0.2149,0.2168,3101772.5,670856.53454,9013,1766822399999
1766822400000,0.2167,0.2240,0.2166,0.2193,9244039.8,2027281.95645,19670,1766836799999
1766836800000,0.2193,0.2242,0.2188,0.2210,8009404.1,1774740.13253,19101,1766851199999
1766851200000,0.2210,0.2217,0.2184,0.2193,3100021.3,681811.63830,8931,1766865599999
1766865600000,0.2193,0.2231,0.2187,0.2225,2923768.4,644936.34867,8338,1766879999999
1766880000000,0.2225,0.2236,0.2199,0.2203,3354914.2,744056.99679,8641,1766894399999
1766894400000,0.2203,0.2220,0.2189,0.2217,2590625.7,571590.05072,7141,1766908799999
1766908800000,0.2216,0.2234,0.2200,0.2210,4076662.3,902487.96464,8974,1766923199999
1766923200000,0.2210,0.2242,0.2184,0.2204,6006962.1,1328442.75810,12948,1766937599999
1766937600000,0.2204,0.2231,0.2171,0.2176,3584891.2,789057.39734,10161,1766951999999
1766952000000,0.2176,0.2206,0.2154,0.2192,4812369.4,1048650.19354,12032,1766966399999
1766966400000,0.2193,0.2223,0.2170,0.2200,5672371.1,1246609.91473,14720,1766980799999
1766980800000,0.2199,0.2255,0.2186,0.2218,10028517.4,2226221.28796,18467,1766995199999
1766995200000,0.2218,0.2220,0.2154,0.2158,10155260.5,2214366.63894,18446,1767009599999
1767009600000,0.2158,0.2160,0.2094,0.2120,17114423.1,3644442.09251,27558,1767023999999
1767024000000,0.2119,0.2124,0.2090,0.2094,5018711.4,1056723.17763,12920,1767038399999
1767038400000,0.2094,0.2102,0.2059,0.2073,6367052.0,1326892.20502,12072,1767052799999
1767052800000,0.2074,0.2127,0.2066,0.2120,7996978.5,1674033.32233,15946,1767067199999
1767067200000,0.2119,0.2128,0.2083,0.2120,5610408.9,1182710.27684,12461,1767081599999
1767081600000,0.2120,0.2177,0.2116,0.2160,6748113.8,1447497.07638,15037,1767095999999
1767096000000,0.2160,0.2186,0.2132,0.2157,4977081.1,1073357.94298,15534,1767110399999
1767110400000,0.2157,0.2166,0.2118,0.2134,4298081.0,918815.57325,13588,1767124799999
1767124800000,0.2134,0.2146,0.2127,0.2140,1997734.6,426670.16922,7241,1767139199999
1767139200000,0.2140,0.2147,0.2101,0.2109,4494981.5,953933.59850,9966,1767153599999
1767153600000,0.2109,0.2115,0.2086,0.2103,2985383.4,627254.51193,6452,1767167999999
1767168000000,0.2103,0.2138,0.2089,0.2132,7472926.6,1580233.50996,11864,1767182399999
1767182400000,0.2131,0.2131,0.2059,0.2091,8831936.6,1840344.43809,16968,1767196799999
1767196800000,0.2091,0.2092,0.2029,0.2064,7242657.7,1489263.09209,14180,1767211199999
1767211200000,0.2063,0.2085,0.2053,0.2063,3002396.5,621249.68129,8974,1767225599999
1767225600000,0.2063,0.2078,0.2042,0.2045,3422726.7,704530.76961,7918,1767239999999
1767240000000,0.2046,0.2069,0.2037,0.2065,2522031.4,518193.22935,6900,1767254399999
1767254400000,0.2065,0.2146,0.2062,0.2136,6374379.8,1340752.52235,11925,1767268799999
1767268800000,0.2136,0.2182,0.2130,0.2169,13609576.2,2935136.70001,24691,1767283199999
1767283200000,0.2168,0.2201,0.2155,0.2197,4484128.2,974665.06328,11774,1767297599999
1767297600000,0.2198,0.2222,0.2178,0.2219,5156741.7,1135228.88111,12690,1767311999999
1767312000000,0.2219,0.2243,0.2202,0.2222,6937585.9,1540909.87930,15791,1767326399999
1767326400000,0.2223,0.2226,0.2155,0.2181,5280373.2,1152889.30480,11572,1767340799999
1767340800000,0.2180,0.2228,0.2167,0.2212,6155867.3,1356275.77390,13608,1767355199999
1767355200000,0.2211,0.2238,0.2182,0.2221,6299276.6,1395945.07849,17403,1767369599999
1767369600000,0.2221,0.2258,0.2215,0.2231,6346112.8,1420021.84169,15075,1767383999999
1767384000000,0.2231,0.2246,0.2212,0.2235,3209488.3,715146.75925,9399,1767398399999
1767398400000,0.2235,0.2241,0.2207,0.2225,4005279.3,889983.74216,9478,1767412799999
1767412800000,0.2225,0.2227,0.2154,0.2171,6342219.2,1390964.54064,13576,1767427199999
1767427200000,0.2170,0.2186,0.2156,0.2174,7654446.2,1662770.86978,12809,1767441599999
1767441600000,0.2172,0.2210,0.2170,0.2191,3767654.5,827087.27340,11013,1767455999999
1767456000000,0.2192,0.2208,0.2189,0.2192,2047671.3,449835.04838,8142,1767470399999
1767470400000,0.2193,0.2215,0.2178,0.2208,2627509.6,577119.37867,8485,1767484799999
1767484800000,0.2208,0.2235,0.2194,0.2223,5888627.0,1302626.55065,12440,1767499199999
1767499200000,0.2223,0.2235,0.2189,0.2196,3696437.2,816941.61508,9313,1767513599999
1767513600000,0.2196,0.2206,0.2181,0.2191,2862125.6,627331.76439,9032,1767527999999
1767528000000,0.2191,0.2218,0.2185,0.2214,3892693.1,856766.42925,11059,1767542399999
1767542400000,0.2214,0.2242,0.2181,0.2197,4719942.0,1045526.19451,12313,1767556799999
1767556800000,0.2196,0.2202,0.2171,0.2193,4469236.9,976595.99148,10112,1767571199999
1767571200000,0.2192,0.2372,0.2180,0.2328,29043906.5,6717353.00755,46393,1767585599999
1767585600000,0.2329,0.2343,0.2217,0.2246,14922233.2,3375374.80473,28501,1767599999999
1767600000000,0.2245,0.2264,0.2216,0.2258,7375408.9,1650830.82444,18924,1767614399999
1767614400000,0.2258,0.2312,0.2231,0.2301,9418883.5,2140918.68059,24937,1767628799999
1767628800000,0.2301,0.2310,0.2251,0.2300,5875329.3,1343952.11158,17706,1767643199999
1767643200000,0.2299,0.2324,0.2261,0.2278,4833435.3,1105483.36351,13872,1767657599999
1767657600000,0.2277,0.2311,0.2258,0.2291,6631708.6,1515935.79381,16388,1767671999999
1767672000000,0.2291,0.2303,0.2226,0.2239,7912728.1,1789533.13610,14944,1767686399999
1767686400000,0.2239,0.2286,0.2233,0.2282,7148284.1,1616833.65044,13854,1767700799999
1767700800000,0.2281,0.2334,0.2270,0.2293,10306368.7,2371191.42294,18219,1767715199999
1767715200000,0.2294,0.2300,0.2160,0.2182,14252399.5,3155543.50190,26902,1767729599999
1767729600000,0.2183,0.2263,0.2182,0.2253,4898970.7,1093281.24152,14113,1767743999999
1767744000000,0.2254,0.2258,0.2179,0.2213,7541903.1,1667186.93640,15134,1767758399999
1767758400000,0.2213,0.2261,0.2196,0.2251,10328487.7,2298055.08610,17354,1767772799999
1767772800000,0.2252,0.2319,0.2229,0.2249,11074615.6,2515507.81804,21747,1767787199999
1767787200000,0.2248,0.2254,0.2161,0.2174,7649252.7,1680441.37673,19052,1767801599999
1767801600000,0.2174,0.2194,0.2141,0.2149,6935591.6,1501097.14138,16537,1767815999999
1767816000000,0.2150,0.2151,0.2098,0.2135,8704722.1,1845393.13061,19277,1767830399999
1767830400000,0.2135,0.2149,0.2091,0.2101,5457130.6,1160060.05587,13222,1767844799999
1767844800000,0.2100,0.2137,0.2086,0.2122,8451840.5,1787603.43834,15207,1767859199999
1767859200000,0.2122,0.2128,0.2061,0.2079,6968030.7,1455863.91780,15472,1767873599999
1767873600000,0.2079,0.2108,0.2045,0.2106,6187875.7,1283589.47020,15134,1767887999999
1767888000000,0.2106,0.2117,0.2088,0.2097,4382090.9,921156.64911,12376,1767902399999
1767902400000,0.2097,0.2102,0.2078,0.2095,2393551.8,499792.74207,9898,1767916799999
1767916800000,0.2095,0.2113,0.2070,0.2101,5224593.0,1092734.44387,11363,1767931199999
1767931200000,0.2101,0.2105,0.2080,0.2100,3440116.0,720728.09752,8430,1767945599999
1767945600000,0.2100,0.2107,0.2060,0.2086,5851988.4,1220763.61014,12721,1767959999999
1767960000000,0.2085,0.2132,0.2065,0.2102,9547213.6,1999663.19421,17941,1767974399999
1767974400000,0.2103,0.2119,0.2062,0.2070,5157308.4,1080415.00912,13157,1767988799999
1767988800000,0.2069,0.2087,0.2058,0.2078,3914666.3,811476.76737,8340,1768003199999
1768003200000,0.2079,0.2082,0.2059,0.2067,2084273.6,431773.80961,7167,1768017599999
1768017600000,0.2067,0.2068,0.2021,0.2064,5376438.1,1099499.12555,10096,1768031999999
1768032000000,0.2064,0.2071,0.2056,0.2067,2569303.6,530046.05537,6492,1768046399999
1768046400000,0.2067,0.2078,0.2052,0.2057,2379818.8,491791.85829,5951,1768060799999
1768060800000,0.2057,0.2063,0.2030,0.2063,2475408.6,506424.99465,6926,1768075199999
1768075200000,0.2062,0.2066,0.2015,0.2036,2331619.9,475134.39891,6369,1768089599999
1768089600000,0.2037,0.2045,0.2024,0.2034,2478777.9,504218.31374,6409,1768103999999
1768104000000,0.2034,0.2037,0.2016,0.2022,2303677.6,466594.74903,6690,1768118399999
1768118400000,0.2021,0.2021,0.2004,0.2008,3152642.6,634775.85084,8027,1768132799999
1768132800000,0.2008,0.2020,0.1978,0.1988,5486036.4,1098031.96571,10329,1768147199999
1768147200000,0.1987,0.2022,0.1986,0.1987,5589654.4,1119023.32364,12673,1768161599999
1768161600000,0.1986,0.1987,0.1934,0.1956,9941372.8,1944660.46932,15206,1768175999999
1768176000000,0.1957,0.1965,0.1912,0.1922,11637822.0,2257616.77535,20089,1768190399999
1768190400000,0.1922,0.1933,0.1881,0.1883,10712937.4,2047176.18659,15216,1768204799999
1768204800000,0.1884,0.1935,0.1874,0.1930,11891378.7,2269030.99724,19073,1768219199999
1768219200000,0.1930,0.1945,0.1908,0.1932,6664786.1,1284988.51414,14447,1768233599999
1768233600000,0.1931,0.1942,0.1906,0.1922,5075500.7,977394.47621,12013,1768247999999
1768248000000,0.1922,0.1930,0.1887,0.1921,4998766.1,951889.80628,12717,1768262399999
1768262400000,0.1921,0.1963,0.1911,0.1956,7211027.4,1393491.68213,13224,1768276799999
1768276800000,0.1955,0.1984,0.1941,0.1943,9660686.5,1897894.52930,18117,1768291199999
1768291200000,0.1942,0.2064,0.1931,0.2046,18756518.6,3764677.75627,30862,1768305599999
1768305600000,0.2044,0.2057,0.1991,0.2019,14559393.8,2944513.31312,27615,1768319999999
1768320000000,0.2019,0.2026,0.2000,0.2021,6516866.3,1312155.76038,14277,1768334399999
1768334400000,0.2020,0.2106,0.2006,0.2058,10589884.2,2182918.09759,18393,1768348799999
1768348800000,0.2058,0.2096,0.2048,0.2059,7076182.1,1464437.73891,16351,1768363199999
1768363200000,0.2058,0.2063,0.2026,0.2037,5780109.9,1181708.56135,12059,1768377599999
1768377600000,0.2038,0.2087,0.2035,0.2041,7044055.2,1450084.57897,14001,1768391999999
1768392000000,0.2041,0.2089,0.2027,0.2073,9801483.9,2018003.74746,16826,1768406399999
1768406400000,0.2073,0.2099,0.2013,0.2057,10048201.1,2069060.70834,19207,1768420799999
1768420800000,0.2057,0.2066,0.2021,0.2042,4104394.0,839308.35510,11276,1768435199999
1768435200000,0.2043,0.2081,0.1975,0.1981,13896972.3,2810003.57797,22049,1768449599999
1768449600000,0.1981,0.2031,0.1973,0.2021,6702853.3,1339408.51296,13640,1768463999999
1768464000000,0.2022,0.2028,0.1991,0.1996,4658814.1,936757.35088,9596,1768478399999
1768478400000,0.1995,0.2004,0.1879,0.1920,19557757.5,3803852.04904,23763,1768492799999
1768492800000,0.1919,0.1957,0.1892,0.1915,13347009.9,2566308.69975,20848,1768507199999
1768507200000,0.1915,0.1926,0.1897,0.1916,3189705.3,609834.22979,8650,1768521599999
1768521600000,0.1916,0.1948,0.1902,0.1927,7395049.1,1422018.01265,12457,1768535999999
1768536000000,0.1926,0.1927,0.1895,0.1913,4746047.6,908024.03898,9966,1768550399999
1768550400000,0.1912,0.1939,0.1910,0.1924,3771353.9,726216.97260,7745,1768564799999
1768564800000,0.1924,0.1938,0.1871,0.1891,5989536.8,1145501.07197,12455,1768579199999
1768579200000,0.1890,0.1953,0.1886,0.1929,5510713.6,1061568.90660,12129,1768593599999
1768593600000,0.1929,0.1980,0.1916,0.1974,6858823.9,1345138.66423,14822,1768607999999
1768608000000,0.1974,0.1975,0.1943,0.1955,3056774.3,597979.45647,7602,1768622399999
1768622400000,0.1954,0.1998,0.1945,0.1996,4968064.5,982099.13290,11570,1768636799999
1768636800000,0.1995,0.2096,0.1992,0.2081,10087250.3,2064492.66280,23111,1768651199999
1768651200000,0.2080,0.2193,0.2068,0.2145,29618931.8,6373333.14323,48297,1768665599999
1768665600000,0.2144,0.2172,0.2117,0.2153,9026780.6,1936076.01146,20101,1768679999999
1768680000000,0.2153,0.2164,0.2092,0.2099,6937415.3,1477155.61113,18127,1768694399999
1768694400000,0.2100,0.2139,0.2052,0.2072,9076550.9,1896167.94848,21055,1768708799999
1768708800000,0.2072,0.2076,0.2047,0.2056,5824717.2,1199501.01701,14958,1768723199999
1768723200000,0.2056,0.2088,0.2050,0.2075,5357572.0,1108368.77324,14843,1768737599999
1768737600000,0.2074,0.2104,0.2054,0.2087,5744563.5,1191896.74359,14363,1768751999999
1768752000000,0.2086,0.2114,0.2078,0.2092,4587669.3,962253.09305,12351,1768766399999
1768766400000,0.2093,0.2117,0.2016,0.2028,6239756.5,1290225.48314,14864,1768780799999
1768780800000,0.2028,0.2029,0.1833,0.2009,29309137.8,5679352.13909,60578,1768795199999
1768795200000,0.2009,0.2105,0.1992,0.2092,16699716.3,3424473.24616,41835,1768809599999
1768809600000,0.2091,0.2116,0.2041,0.2050,11803806.0,2454013.55976,25301,1768823999999
1768824000000,0.2050,0.2074,0.2006,0.2017,8522567.4,1731914.32368,18492,1768838399999
1768838400000,0.2016,0.2050,0.2005,0.2037,4603260.2,932529.56150,11772,1768852799999
1768852800000,0.2037,0.2073,0.2012,0.2040,5434785.8,1108159.12041,13563,1768867199999
1768867200000,0.2040,0.2122,0.1996,0.2022,27730932.1,5705843.53810,39107,1768881599999
1768881600000,0.2021,0.2131,0.1982,0.1987,30067808.0,6146547.96397,40854,1768895999999
1768896000000,0.1987,0.2011,0.1959,0.2002,10581297.8,2100647.47754,19854,1768910399999
1768910400000,0.2003,0.2027,0.1947,0.1971,8304078.0,1649062.60934,17599,1768924799999
1768924800000,0.1970,0.1986,0.1917,0.1926,5557648.9,1082438.11230,18295,1768939199999
1768939200000,0.1926,0.1942,0.1894,0.1905,5453253.8,1045836.62369,12676,1768953599999
1768953600000,0.1904,0.1978,0.1903,0.1964,6412556.9,1249489.33434,13388,1768967999999
1768968000000,0.1963,0.1974,0.1933,0.1938,3943348.9,771127.87277,8305,1768982399999
1768982400000,0.1937,0.1950,0.1909,0.1918,4578297.3,885078.68359,9390,1768996799999
1768996800000,0.1918,0.1932,0.1880,0.1909,10073387.8,1920000.57458,17926,1769011199999
1769011200000,0.1909,0.1916,0.1810,0.1914,14135868.8,2622102.13251,25028,1769025599999
1769025600000,0.1915,0.1918,0.1872,0.1876,6308629.6,1194812.61345,12924,1769039999999
1769040000000,0.1875,0.1954,0.1863,0.1941,17427209.5,3331291.80955,25442,1769054399999
1769054400000,0.1941,0.1956,0.1921,0.1947,4611690.3,893238.31442,11090,1769068799999
1769068800000,0.1946,0.1963,0.1927,0.1933,6547074.3,1272632.48536,13448,1769083199999
1769083200000,0.1932,0.1932,0.1823,0.1862,24226289.1,4507654.72339,30867,1769097599999
1769097600000,0.1862,0.1902,0.1857,0.1881,9152992.9,1720423.94001,18058,1769111999999
1769112000000,0.1881,0.1907,0.1863,0.1873,3998191.8,753094.74872,9200,1769126399999
1769126400000,0.1873,0.1911,0.1853,0.1897,8574845.9,1613697.52090,14653,1769140799999
1769140800000,0.1897,0.1904,0.1867,0.1876,3602240.8,680140.65642,15287,1769155199999
1769155200000,0.1876,0.1881,0.1833,0.1844,6919609.0,1277934.60991,15024,1769169599999
1769169600000,0.1845,0.1849,0.1804,0.1848,6031690.2,1102890.88515,13407,1769183999999
1769184000000,0.1848,0.1926,0.1825,0.1880,10788123.0,2030891.78698,20594,1769198399999
1769198400000,0.1882,0.1883,0.1826,0.1851,4641493.2,860429.39503,10148,1769212799999
1769212800000,0.1852,0.1868,0.1827,0.1845,3948250.2,728850.74018,8415,1769227199999
1769227200000,0.1845,0.1853,0.1804,0.1825,5309440.2,968551.75593,10413,1769241599999
1769241600000,0.1825,0.1847,0.1823,0.1835,2752958.4,504801.85994,7382,1769255999999
1769256000000,0.1835,0.1840,0.1808,0.1823,3895876.0,711639.25447,8762,1769270399999
1769270400000,0.1823,0.1825,0.1804,0.1806,2229213.0,404148.36871,16537,1769284799999
1769284800000,0.1806,0.1817,0.1781,0.1787,5166738.1,930901.36305,12761,1769299199999
1769299200000,0.1787,0.1806,0.1768,0.1772,3821944.2,683095.66008,9009,1769313599999
1769313600000,0.1772,0.1783,0.1758,0.1778,3047791.8,540166.78812,7932,1769327999999
1769328000000,0.1779,0.1783,0.1760,0.1762,3395723.6,601678.06574,7856,1769342399999
1769342400000,0.1762,0.1777,0.1731,0.1736,5550399.9,970556.35533,11230,1769356799999
1769356800000,0.1735,0.1736,0.1625,0.1631,15161511.0,2546545.42963,20781,1769371199999
1769371200000,0.1631,0.1674,0.1629,0.1664,5087885.6,841350.77123,14385,1769385599999
1769385600000,0.1665,0.1697,0.1655,0.1690,4079478.5,685557.17405,9265,1769399999999
1769400000000,0.1690,0.1737,0.1690,0.1732,3083279.6,528162.61690,8529,1769414399999
1769414400000,0.1732,0.1752,0.1717,0.1751,5546185.2,963376.30272,12312,1769428799999
1769428800000,0.1751,0.1792,0.1733,0.1764,7080240.0,1246500.54810,14359,1769443199999
1769443200000,0.1763,0.1774,0.1749,0.1759,3959477.8,697466.08843,10311,1769457599999
1769457600000,0.1758,0.1768,0.1736,0.1743,3815443.9,667901.70681,9836,1769471999999
1769472000000,0.1743,0.1776,0.1725,0.1728,3768548.6,659342.17361,9093,1769486399999
1769486400000,0.1728,0.1740,0.1715,0.1722,2438624.5,420893.48951,6236,1769500799999
1769500800000,0.1721,0.1729,0.1701,0.1705,2923309.6,500467.80780,6840,1769515199999
1769515200000,0.1706,0.1713,0.1676,0.1704,5036463.2,854858.15007,9283,1769529599999
1769529600000,0.1703,0.1746,0.1690,0.1744,5053242.5,866559.22884,11137,1769543999999
1769544000000,0.1743,0.1763,0.1739,0.1744,3963857.0,693071.79067,8759,1769558399999
1769558400000,0.1745,0.1754,0.1724,0.1727,3182138.8,552611.17656,7771,1769572799999
1769572800000,0.1727,0.1741,0.1710,0.1722,3401928.9,586254.94842,8083,1769587199999
1769587200000,0.1721,0.1754,0.1718,0.1749,3299636.5,571142.02652,7941,1769601599999
1769601600000,0.1749,0.1778,0.1717,0.1722,7639222.1,1333573.56041,14487,1769615999999
1769616000000,0.1721,0.1733,0.1708,0.1721,2993855.4,514907.59410,8786,1769630399999
1769630400000,0.1720,0.1743,0.1709,0.1723,2270682.2,391981.23563,7399,1769644799999
1769644800000,0.1724,0.1732,0.1668,0.1681,3438197.3,583571.35194,8705,1769659199999
1769659200000,0.1681,0.1681,0.1616,0.1634,8539734.0,1403551.45794,14831,1769673599999
1769673600000,0.1634,0.1644,0.1609,0.1616,3464462.7,563258.91725,7690,1769687999999
1769688000000,0.1616,0.1624,0.1516,0.1540,15597633.5,2437786.87522,19734,1769702399999
1769702400000,0.1540,0.1567,0.1520,0.1539,7926008.4,1219571.56789,15415,1769716799999
1769716800000,0.1539,0.1560,0.1534,0.1550,4147689.0,642455.31392,10164,1769731199999
1769731200000,0.1550,0.1569,0.1492,0.1504,10413091.1,1589610.77247,23674,1769745599999
1769745600000,0.1505,0.1520,0.1471,0.1490,5589133.0,834504.55978,22519,1769759999999
1769760000000,0.1489,0.1513,0.1479,0.1505,4036439.7,601910.73418,13255,1769774399999
1769774400000,0.1506,0.1515,0.1484,0.1501,4040582.4,606123.89570,11610,1769788799999
1769788800000,0.1501,0.1526,0.1463,0.1510,7328531.5,1098157.30598,14926,1769803199999
1769803200000,0.1510,0.1510,0.1434,0.1448,9245625.5,1359480.82629,13826,1769817599999
1769817600000,0.1449,0.1457,0.1428,0.1435,6102218.0,881279.11861,11591,1769831999999
1769832000000,0.1434,0.1443,0.1399,0.1414,5377432.8,765436.94990,10654,1769846399999
1769846400000,0.1415,0.1418,0.1386,0.1399,6680515.8,934988.37011,13097,1769860799999
1769860800000,0.1398,0.1403,0.1309,0.1331,14349989.0,1934385.99129,17456,1769875199999
1769875200000,0.1331,0.1357,0.1152,0.1242,44083298.2,5528534.90952,35604,1769889599999
1769889600000,0.1242,0.1291,0.1228,0.1280,9681885.5,1216424.69140,14086,1769903999999
1769904000000,0.1280,0.1297,0.1268,0.1292,6463598.9,830670.80006,11942,1769918399999
1769918400000,0.1292,0.1310,0.1278,0.1283,6583116.1,852992.11256,10565,1769932799999
1769932800000,0.1283,0.1307,0.1272,0.1282,4556720.8,586544.55135,8697,1769947199999
1769947200000,0.1282,0.1303,0.1228,0.1244,10129781.2,1279217.84208,13409,1769961599999
1769961600000,0.1244,0.1273,0.1238,0.1256,8555346.9,1072724.99678,10803,1769975999999
1769976000000,0.1256,0.1269,0.1216,0.1242,12212240.9,1518066.75315,13756,1769990399999
1769990400000,0.1241,0.1283,0.1206,0.1251,13246600.2,1647937.60447,16260,1770004799999
1770004800000,0.1252,0.1270,0.1207,0.1237,14253647.1,1763418.54772,16584,1770019199999
1770019200000,0.1237,0.1259,0.1235,0.1244,5837247.5,727752.80002,9475,1770033599999
1770033600000,0.1244,0.1268,0.1241,0.1256,12162533.0,1523902.67212,14767,1770047999999
1770048000000,0.1256,0.1261,0.1223,0.1227,5774362.5,716344.11176,9904,1770062399999
1770062400000,0.1226,0.1245,0.1223,0.1236,3948264.5,487662.80579,7437,1770076799999
1770076800000,0.1237,0.1241,0.1207,0.1236,6233566.1,764290.21975,8970,1770091199999
1770091200000,0.1235,0.1292,0.1229,0.1252,19569347.9,2474992.40624,20528,1770105599999
1770105600000,0.1252,0.1256,0.1224,0.1234,6218482.7,771548.39506,9781,1770119999999
1770120000000,0.1234,0.1242,0.1199,0.1229,9947223.4,1212629.04946,12270,1770134399999
1770134400000,0.1230,0.1231,0.1143,0.1200,19103122.4,2258269.55443,18955,1770148799999
1770148800000,0.1200,0.1252,0.1173,0.1181,14100181.0,1723306.19935,13386,1770163199999
1770163200000,0.1181,0.1243,0.1179,0.1230,7972880.4,965139.25142,13693,1770177599999
1770177600000,0.1230,0.1241,0.1219,0.1233,6657575.9,818699.05901,12116,1770191999999
1770192000000,0.1233,0.1238,0.1206,0.1220,5976209.9,731162.72516,10856,1770206399999
1770206400000,0.1220,0.1223,0.1177,0.1191,9298517.2,1115683.15531,16509,1770220799999
1770220800000,0.1190,0.1228,0.1166,0.1226,11665866.2,1387034.58369,21298,1770235199999
1770235200000,0.1225,0.1227,0.1186,0.1209,7499351.9,907687.61754,13985,1770249599999
1770249600000,0.1210,0.1223,0.1188,0.1189,8460232.0,1018213.03050,13563,1770263999999
1770264000000,0.1190,0.1223,0.1182,0.1206,10362585.9,1241824.57965,17729,1770278399999
1770278400000,0.1206,0.1255,0.1204,0.1226,14738829.8,1810489.58444,19885,1770292799999
1770292800000,0.1226,0.1239,0.1157,0.1183,39459655.0,4732091.53562,30710,1770307199999
1770307200000,0.1182,0.1211,0.1117,0.1125,34873931.8,4031835.60190,29906,1770321599999
1770321600000,0.1126,0.1135,0.1058,0.1079,42084243.0,4592012.63852,30488,1770335999999
1770336000000,0.1078,0.1102,0.0968,0.1078,42668122.6,4449715.39161,34449,1770350399999
1770350400000,0.1078,0.1131,0.1070,0.1109,10219180.3,1131159.58345,10513,1770364799999
1770364800000,0.1108,0.1152,0.1086,0.1146,9461895.2,1058356.80162,10391,1770379199999
1770379200000,0.1146,0.1194,0.1137,0.1189,9060389.6,1056758.83255,11782,1770393599999
1770393600000,0.1190,0.1249,0.1184,0.1223,11851261.7,1446525.83672,13671,1770407999999
1770408000000,0.1222,0.1245,0.1206,0.1235,5404880.8,661484.99646,7652,1770422399999
1770422400000,0.1235,0.1235,0.1206,0.1217,4963931.4,603189.65590,7858,1770436799999
1770436800000,0.1217,0.1227,0.1168,0.1178,6811876.4,816979.67394,8761,1770451199999
1770451200000,0.1178,0.1202,0.1175,0.1190,3096488.3,368259.50485,5665,1770465599999
1770465600000,0.1189,0.1231,0.1188,0.1214,5526819.1,669040.76636,7500,1770479999999
1770480000000,0.1214,0.1237,0.1206,0.1225,12179280.6,1490862.56716,12166,1770494399999
1770494400000,0.1225,0.1239,0.1217,0.1224,1916853.1,235361.93665,3287,1770508799999
1770508800000,0.1225,0.1229,0.1208,0.1210,2232191.8,272377.87705,3983,1770523199999
1770523200000,0.1210,0.1217,0.1199,0.1206,2823013.8,340887.13247,3907,1770537599999
1770537600000,0.1205,0.1223,0.1202,0.1222,3991857.4,484071.32437,5593,1770551999999
1770552000000,0.1223,0.1225,0.1203,0.1205,4767972.9,579528.01881,5754,1770566399999
1770566400000,0.1205,0.1207,0.1175,0.1201,3081857.4,367481.69960,5201,1770580799999
1770580800000,0.1200,0.1217,0.1183,0.1196,2929779.6,350137.16556,5138,1770595199999
1770595200000,0.1195,0.1227,0.1193,0.1224,3227094.9,389061.70679,5710,1770609599999
1770609600000,0.1224,0.1265,0.1215,0.1234,9970950.7,1238093.34249,12356,1770623999999
1770624000000,0.1234,0.1249,0.1195,0.1210,8221762.6,1005529.52999,10854,1770638399999
1770638400000,0.1211,0.1286,0.1207,0.1284,17367343.7,2161362.22760,19684,1770652799999
1770652800000,0.1283,0.1345,0.1260,0.1334,28258403.1,3664667.03035,28164,1770667199999
1770667200000,0.1333,0.1340,0.1284,0.1292,14181467.9,1871701.11906,19053,1770681599999
1770681600000,0.1292,0.1334,0.1273,0.1291,12148398.1,1581710.53254,15495,1770695999999
1770696000000,0.1290,0.1317,0.1263,0.1268,9246141.9,1190756.71718,12381,1770710399999
1770710400000,0.1269,0.1287,0.1266,0.1276,7591558.8,968545.13065,10459,1770724799999
1770724800000,0.1276,0.1332,0.1275,0.1296,13634675.5,1774686.06902,15912,1770739199999
1770739200000,0.1296,0.1337,0.1288,0.1331,8819764.2,1156563.55866,14388,1770753599999
1770753600000,0.1330,0.1369,0.1316,0.1359,8370894.8,1121512.94657,12345,1770767999999
1770768000000,0.1359,0.1368,0.1313,0.1319,10889075.3,1463271.66378,16201,1770782399999
1770782400000,0.1318,0.1324,0.1273,0.1283,10102551.2,1312123.20503,15047,1770796799999
1770796800000,0.1283,0.1312,0.1275,0.1311,6412873.8,827338.34729,8831,1770811199999
1770811200000,0.1311,0.1347,0.1290,0.1334,14099608.8,1860814.94479,17409,1770825599999
1770825600000,0.1334,0.1357,0.1311,0.1328,11051124.0,1477012.30761,15655,1770839999999
1770840000000,0.1328,0.1340,0.1317,0.1330,4950915.5,657527.80446,8388,1770854399999
1770854400000,0.1330,0.1371,0.1330,0.1359,7305383.3,990533.48301,9582,1770868799999
1770868800000,0.1358,0.1370,0.1340,0.1352,4318898.6,584133.59940,7012,1770883199999
1770883200000,0.1353,0.1361,0.1319,0.1356,6136421.9,822498.05628,9493,1770897599999
1770897600000,0.1356,0.1358,0.1316,0.1317,8692156.9,1163741.91215,11153,1770911999999
1770912000000,0.1318,0.1320,0.1269,0.1295,10410005.2,1344080.03910,14835,1770926399999
1770926400000,0.1295,0.1304,0.1280,0.1297,3978393.7,513679.05105,7635,1770940799999
1770940800000,0.1297,0.1302,0.1275,0.1294,4481979.0,578037.90482,8607,1770955199999
1770955200000,0.1294,0.1295,0.1265,0.1282,3841546.3,491685.49451,5933,1770969599999
1770969600000,0.1282,0.1293,0.1277,0.1283,2676823.9,343739.49715,5204,1770983999999
1770984000000,0.1284,0.1328,0.1275,0.1314,6243331.3,810773.76754,8534,1770998399999
1770998400000,0.1315,0.1330,0.1307,0.1310,5355234.7,705607.33961,8371,1771012799999
1771012800000,0.1311,0.1324,0.1308,0.1312,2754263.5,362160.13764,5439,1771027199999
1771027200000,0.1313,0.1330,0.1311,0.1319,3013863.6,397861.85059,4660,1771041599999
1771041600000,0.1319,0.1325,0.1306,0.1324,1964706.7,258617.11068,3565,1771055999999
1771056000000,0.1323,0.1351,0.1323,0.1346,3517582.2,470603.35083,5572,1771070399999
1771070400000,0.1346,0.1353,0.1329,0.1346,3520726.2,472659.98608,5644,1771084799999
1771084800000,0.1346,0.1376,0.1332,0.1373,6175759.5,836853.84389,8432,1771099199999
1771099200000,0.1372,0.1387,0.1359,0.1363,4423751.8,606369.43067,6904,1771113599999
1771113600000,0.1362,0.1364,0.1326,0.1349,4489952.6,604722.02159,6763,1771127999999
1771128000000,0.1349,0.1362,0.1345,0.1350,3979198.8,538574.64970,6206,1771142399999
1771142400000,0.1351,0.1357,0.1331,0.1340,3021051.4,405295.25942,5956,1771156799999
1771156800000,0.1339,0.1341,0.1284,0.1299,5825939.6,760757.31486,8401,1771171199999
1771171200000,0.1300,0.1304,0.1276,0.1284,4757245.9,613291.67059,7263,1771185599999
1771185600000,0.1284,0.1290,0.1276,0.1288,2864133.1,367637.04788,4911,1771199999999
1771200000000,0.1289,0.1312,0.1287,0.1312,2680023.1,348061.58298,5862,1771214399999
1771214400000,0.1312,0.1345,0.1296,0.1305,8084005.6,1067638.00892,10347,1771228799999
1771228800000,0.1304,0.1321,0.1290,0.1300,5497577.8,718746.19773,6900,1771243199999
1771243200000,0.1300,0.1325,0.1259,0.1263,9286071.4,1198997.15253,9813,1771257599999
1771257600000,0.1262,0.1282,0.1261,0.1278,4164326.7,529556.63095,6922,1771271999999
1771272000000,0.1278,0.1293,0.1274,0.1287,3718484.1,477853.33639,7446,1771286399999
1771286400000,0.1288,0.1307,0.1282,0.1286,4726866.4,611647.29855,6481,1771300799999
1771300800000,0.1286,0.1292,0.1272,0.1284,2380905.7,305251.47808,4016,1771315199999
1771315200000,0.1284,0.1290,0.1254,0.1275,5347607.8,679999.10723,6019,1771329599999
1771329600000,0.1276,0.1295,0.1252,0.1274,8380746.8,1067424.74714,9309,1771343999999
1771344000000,0.1274,0.1292,0.1259,0.1278,3874824.0,495033.81493,6577,1771358399999
1771358400000,0.1277,0.1280,0.1262,0.1279,2542532.8,323506.93601,4419,1771372799999
1771372800000,0.1279,0.1295,0.1270,0.1293,3739313.8,480162.46198,5465,1771387199999
1771387200000,0.1293,0.1295,0.1283,0.1291,1989607.5,256411.71031,3819,1771401599999
1771401600000,0.1291,0.1300,0.1268,0.1272,3020255.5,387834.42380,5253,1771415999999
1771416000000,0.1273,0.1290,0.1254,0.1274,4047624.8,514398.86731,6324,1771430399999
1771430400000,0.1274,0.1275,0.1224,0.1231,4962639.5,620513.28381,7648,1771444799999
1771444800000,0.1232,0.1238,0.1216,0.1223,2327963.6,285282.44769,4270,1771459199999
1771459200000,0.1223,0.1235,0.1214,0.1231,2515638.5,308158.73608,4937,1771473599999
1771473600000,0.1231,0.1234,0.1217,0.1228,1548420.3,190025.72486,3382,1771487999999
1771488000000,0.1228,0.1229,0.1208,0.1209,2794577.5,339928.06070,5764,1771502399999
1771502400000,0.1208,0.1218,0.1182,0.1190,5389005.8,644686.78411,7730,1771516799999
1771516800000,0.1189,0.1203,0.1177,0.1198,4081432.3,485940.63471,6366,1771531199999
1771531200000,0.1198,0.1202,0.1188,0.1200,1603489.6,191761.56526,3740,1771545599999
1771545600000,0.1200,0.1216,0.1196,0.1213,2082108.6,250942.07601,3875,1771559999999
1771560000000,0.1212,0.1212,0.1193,0.1201,2566075.2,308533.89394,4060,1771574399999
1771574400000,0.1202,0.1214,0.1189,0.1192,2291540.5,275718.49961,3855,1771588799999
1771588800000,0.1192,0.1221,0.1166,0.1209,8030208.9,957109.93554,9599,1771603199999
1771603200000,0.1209,0.1218,0.1191,0.1214,4599505.5,555508.51415,7415,1771617599999
1771617600000,0.1214,0.1221,0.1208,0.1220,1470411.8,178456.94125,3672,1771631999999
1771632000000,0.1220,0.1227,0.1208,0.1209,1860008.8,226551.04878,3875,1771646399999
1771646400000,0.1209,0.1217,0.1201,0.1211,1180575.5,142793.48086,2850,1771660799999
1771660800000,0.1212,0.1232,0.1212,0.1225,2733700.2,334587.01077,5041,1771675199999
1771675200000,0.1225,0.1233,0.1216,0.1223,2291759.4,280291.14184,4479,1771689599999
1771689600000,0.1223,0.1226,0.1208,0.1219,2205474.1,268814.45219,4657,1771703999999
1771704000000,0.1219,0.1221,0.1206,0.1207,1678288.1,203624.90579,4181,1771718399999
1771718400000,0.1208,0.1211,0.1191,0.1199,2110891.9,253873.78438,4000,1771732799999
1771732800000,0.1199,0.1209,0.1195,0.1199,1766545.1,212137.84607,3564,1771747199999
1771747200000,0.1199,0.1202,0.1191,0.1195,1192962.8,142677.64546,3629,1771761599999
1771761600000,0.1195,0.1196,0.1160,0.1178,4129982.6,485187.70669,5815,1771775999999
1771776000000,0.1177,0.1178,0.1164,0.1167,1463900.0,171381.02731,3796,1771790399999
1771790400000,0.1168,0.1174,0.1159,0.1171,1727635.4,201701.40756,3704,1771804799999
1771804800000,0.1172,0.1172,0.1105,0.1129,8993103.9,1015277.05375,10469,1771819199999
1771819200000,0.1130,0.1161,0.1129,0.1158,3297113.9,377631.85584,5013,1771833599999
1771833600000,0.1158,0.1188,0.1153,0.1188,3056298.0,357633.18983,5123,1771847999999
1771848000000,0.1188,0.1206,0.1163,0.1166,6297230.6,747053.68266,9219,1771862399999
1771862400000,0.1165,0.1172,0.1138,0.1148,3785858.8,436869.15358,7342,1771876799999
1771876800000,0.1149,0.1173,0.1143,0.1164,2518190.1,291978.23721,5371,1771891199999
1771891200000,0.1163,0.1170,0.1133,0.1148,5463617.7,628597.49405,8241,1771905599999
1771905600000,0.1147,0.1149,0.1131,0.1137,3267660.6,372598.20509,6198,1771919999999
1771920000000,0.1137,0.1148,0.1132,0.1147,2026157.1,231290.31365,4354,1771934399999
1771934400000,0.1147,0.1179,0.1134,0.1167,5568517.1,645557.08182,7427,1771948799999
1771948800000,0.1166,0.1174,0.1156,0.1159,3717131.0,432613.21262,6867,1771963199999
1771963200000,0.1159,0.1173,0.1151,0.1170,3432607.4,398819.26520,5491,1771977599999
1771977600000,0.1171,0.1215,0.1169,0.1202,6169365.8,740590.35617,9577,1771991999999
1771992000000,0.1202,0.1205,0.1187,0.1195,2542549.7,303993.99695,7504,1772006399999
1772006400000,0.1194,0.1211,0.1190,0.1207,2654661.6,319180.98059,5448,1772020799999
1772020800000,0.1207,0.1267,0.1206,0.1256,9207898.0,1137713.78505,12766,1772035199999
1772035200000,0.1256,0.1273,0.1252,0.1259,4799358.8,605023.93768,8763,1772049599999
1772049600000,0.1259,0.1276,0.1214,0.1230,8067709.5,1009809.00538,12225,1772063999999
1772064000000,0.1229,0.1236,0.1206,0.1207,5273280.1,644160.62988,7963,1772078399999
1772078400000,0.1207,0.1219,0.1142,0.1159,13262783.5,1556456.95078,17548,1772092799999
1772092800000,0.1160,0.1171,0.1145,0.1151,6556123.7,759441.84791,8909,1772107199999
1772107200000,0.1151,0.1159,0.1122,0.1135,9164053.6,1045238.85565,10432,1772121599999
1772121600000,0.1135,0.1139,0.1111,0.1133,7935000.2,892040.08945,10828,1772135999999
1772136000000,0.1134,0.1140,0.1127,0.1137,2649003.2,300135.20531,4837,1772150399999
1772150400000,0.1137,0.1166,0.1130,0.1164,3405784.1,389970.93053,5967,1772164799999
1772164800000,0.1165,0.1170,0.1056,0.1091,28373737.0,3127185.49866,25747,1772179199999
1772179200000,0.1091,0.1099,0.1076,0.1085,8873819.9,965999.90491,11164,1772193599999
1772193600000,0.1084,0.1091,0.1066,0.1078,6863551.1,739806.86062,10739,1772207999999
1772208000000,0.1079,0.1080,0.1060,0.1067,4416783.7,472373.98668,8396,1772222399999
1772222400000,0.1068,0.1071,0.1047,0.1068,5455804.5,578270.81650,7425,1772236799999
1772236800000,0.1068,0.1088,0.1067,0.1070,5234216.0,563394.09261,6926,1772251199999
1772251200000,0.1070,0.1078,0.1021,0.1037,13490396.3,1410442.48789,12591,1772265599999
1772265600000,0.1037,0.1038,0.1023,0.1026,5956013.8,613322.95557,8836,1772279999999
1772280000000,0.1026,0.1053,0.1022,0.1043,6360121.3,660047.95228,7629,1772294399999
1772294400000,0.1043,0.1067,0.1027,0.1060,5992553.2,626489.23577,8054,1772308799999
1772308800000,0.1060,0.1076,0.1055,0.1062,7038092.9,748957.75212,8062,1772323199999
1772323200000,0.1062,0.1084,0.1044,0.1064,8212339.8,875540.30741,8694,1772337599999
1772337600000,0.1065,0.1067,0.1046,0.1055,6274413.2,663572.80685,6315,1772351999999
1772352000000,0.1055,0.1057,0.1034,0.1039,4032899.7,420183.24430,5792,1772366399999
1772366400000,0.1039,0.1054,0.1025,0.1032,7090592.8,737192.17456,10468,1772380799999
1772380800000,0.1032,0.1041,0.1015,0.1019,7043841.0,722561.86320,9540,1772395199999
1772395200000,0.1019,0.1023,0.1000,0.1009,7824711.2,790541.50281,8714,1772409599999
1772409600000,0.1009,0.1036,0.1008,0.1033,4882163.6,499435.07310,5816,1772423999999
1772424000000,0.1033,0.1041,0.1013,0.1033,5274061.6,542678.57435,5634,1772438399999
1772438400000,0.1034,0.1037,0.1016,0.1023,4358913.5,447331.59330,6605,1772452799999
1772452800000,0.1024,0.1072,0.1019,0.1063,7869394.9,823424.94797,8716,1772467199999
1772467200000,0.1063,0.1080,0.1047,0.1057,6775355.6,719841.62813,8442,1772481599999
1772481600000,0.1056,0.1060,0.1036,0.1043,4364179.7,456013.95649,6286,1772495999999
1772496000000,0.1044,0.1044,0.1025,0.1029,3025894.6,313113.07159,4885,1772510399999
1772510400000,0.1028,0.1034,0.1020,0.1025,2532657.4,259694.54673,4567,1772524799999
1772524800000,0.1025,0.1027,0.0990,0.1002,6011087.9,602122.50784,7732,1772539199999
1772539200000,0.1002,0.1017,0.0992,0.1014,5715210.3,573904.75145,8233,1772553599999
1772553600000,0.1015,0.1072,0.1009,0.1040,10858639.9,1129247.44206,13617,1772567999999
1772568000000,0.1040,0.1048,0.1029,0.1040,3763948.0,391343.93369,6375,1772582399999
1772582400000,0.1040,0.1046,0.1018,0.1025,4176752.6,431815.94485,5909,1772596799999
1772596800000,0.1025,0.1042,0.1015,0.1041,3314468.4,339609.50545,5330,1772611199999
1772611200000,0.1041,0.1071,0.1033,0.1047,6313621.3,666189.86355,9653,1772625599999
1772625600000,0.1046,0.1062,0.1035,0.1060,6616301.7,691960.04129,7556,1772639999999
1772640000000,0.1060,0.1062,0.1043,0.1056,5133363.0,540758.89322,5673,1772654399999
1772654400000,0.1056,0.1056,0.1034,0.1045,2915453.4,304763.31343,4530,1772668799999
1772668800000,0.1045,0.1048,0.1034,0.1043,3654269.3,381310.34107,4809,1772683199999
1772683200000,0.1042,0.1063,0.1042,0.1054,3279274.8,344468.02612,5228,1772697599999
1772697600000,0.1054,0.1087,0.1021,0.1036,12517737.3,1320982.24615,13072,1772711999999
1772712000000,0.1035,0.1046,0.1021,0.1025,6890709.1,713727.39793,8919,1772726399999
1772726400000,0.1025,0.1030,0.1006,0.1021,5684578.4,578054.70895,7472,1772740799999
1772740800000,0.1021,0.1029,0.1018,0.1022,2150934.2,220036.19325,4637,1772755199999
1772755200000,0.1022,0.1035,0.1016,0.1034,2412877.1,247695.32472,4077,1772769599999
1772769600000,0.1033,0.1036,0.1020,0.1031,2576857.6,265109.45178,3800,1772783999999
1772784000000,0.1030,0.1031,0.1015,0.1019,2975311.0,304037.65219,4377,1772798399999
1772798400000,0.1018,0.1022,0.0978,0.0980,10370146.8,1035082.09146,10322,1772812799999
1772812800000,0.0979,0.0997,0.0976,0.0990,4412375.7,434855.76918,6081,1772827199999
1772827200000,0.0990,0.0991,0.0976,0.0984,2994387.7,294279.45062,4770,1772841599999
1772841600000,0.0983,0.0989,0.0978,0.0981,2558258.0,251064.19469,3831,1772855999999
1772856000000,0.0981,0.0984,0.0972,0.0982,2770778.7,271240.01010,3885,1772870399999
1772870400000,0.0981,0.1000,0.0981,0.0998,5358554.3,531768.12116,5217,1772884799999
1772884800000,0.0998,0.1002,0.0982,0.0987,4086856.9,404829.08360,4863,1772899199999
1772899200000,0.0986,0.0988,0.0973,0.0976,3016713.2,296113.89698,4231,1772913599999
1772913600000,0.0977,0.0985,0.0969,0.0979,2400085.8,234425.71858,3489,1772927999999
1772928000000,0.0979,0.0982,0.0953,0.0957,4560031.8,440573.24541,4988,1772942399999
1772942400000,0.0957,0.0969,0.0948,0.0966,4304522.9,412389.11112,4291,1772956799999
1772956800000,0.0966,0.0975,0.0955,0.0965,3629988.9,350537.09931,4496,1772971199999
1772971200000,0.0964,0.0966,0.0943,0.0947,4518842.0,430907.95248,4397,1772985599999
1772985600000,0.0946,0.0971,0.0942,0.0966,7024371.5,671953.66457,5357,1772999999999
1773000000000,0.0966,0.0970,0.0943,0.0954,5948515.1,567936.96110,5613,1773014399999
1773014400000,0.0953,0.0980,0.0949,0.0968,6183706.2,596250.95222,6701,1773028799999
1773028800000,0.0967,0.0984,0.0959,0.0970,4586131.1,445746.86455,5145,1773043199999
1773043200000,0.0971,0.0980,0.0957,0.0964,5363890.3,518069.31504,5254,1773057599999
1773057600000,0.0965,0.0977,0.0964,0.0968,4245261.5,412073.86368,5337,1773071999999
1773072000000,0.0967,0.0972,0.0952,0.0956,5417102.8,521010.78605,5597,1773086399999
1773086400000,0.0956,0.0959,0.0950,0.0952,3973465.5,379078.17367,4306,1773100799999
1773100800000,0.0953,0.0974,0.0951,0.0959,4905342.5,473378.14149,4961,1773115199999
1773115200000,0.0959,0.0978,0.0959,0.0973,4350657.2,422399.60799,4651,1773129599999
1773129600000,0.0974,0.0984,0.0969,0.0978,3152947.5,307700.26891,3828,1773143999999
1773144000000,0.0978,0.0987,0.0957,0.0979,8358428.3,811094.20695,6315,1773158399999
1773158400000,0.0979,0.0985,0.0958,0.0960,4370571.9,424884.07444,5140,1773172799999
1773172800000,0.0959,0.0965,0.0943,0.0959,3999093.3,381781.10842,4468,1773187199999
1773187200000,0.0960,0.0962,0.0947,0.0955,5290266.8,504898.56975,4608,1773201599999
1773201600000,0.0955,0.0977,0.0953,0.0969,4750114.9,457900.27576,5873,1773215999999
1773216000000,0.0969,0.0987,0.0964,0.0974,5548888.7,542317.35281,6467,1773230399999
1773230400000,0.0975,0.0989,0.0968,0.0979,6549149.6,640882.10380,6765,1773244799999
1773244800000,0.0979,0.0984,0.0973,0.0979,2314669.1,226464.80405,4177,1773259199999
1773259200000,0.0978,0.0979,0.0967,0.0969,2891692.9,281165.15443,4209,1773273599999
1773273600000,0.0969,0.0976,0.0960,0.0962,3492333.7,337550.33392,4650,1773287999999
1773288000000,0.0962,0.0967,0.0957,0.0965,1929790.6,185678.76324,3515,1773302399999
1773302400000,0.0965,0.0977,0.0960,0.0974,2524593.6,244700.71337,3834,1773316799999
1773316800000,0.0975,0.0978,0.0955,0.0969,4194542.3,406002.99865,5089,1773331199999
1773331200000,0.0968,0.0979,0.0963,0.0976,2757177.2,268313.10495,3757,1773345599999
1773345600000,0.0976,0.0980,0.0968,0.0974,2363520.0,230103.13836,3191,1773359999999
1773360000000,0.0974,0.0992,0.0971,0.0990,4103922.4,403200.95198,4261,1773374399999
1773374400000,0.0990,0.0994,0.0978,0.0989,2388372.7,235432.23759,3266,1773388799999
1773388800000,0.0988,0.0998,0.0985,0.0987,4891932.2,484723.90507,4797,1773403199999
1773403200000,0.0987,0.1012,0.0985,0.0998,8397278.2,840073.66785,8286,1773417599999
1773417600000,0.0999,0.1001,0.0984,0.0987,3881534.8,384911.54258,4548,1773431999999
1773432000000,0.0987,0.0989,0.0970,0.0976,2841327.7,278252.05368,3046,1773446399999
1773446400000,0.0976,0.0993,0.0971,0.0991,2880993.7,282200.36813,2948,1773460799999
1773460800000,0.0991,0.1001,0.0969,0.0971,3734728.7,367554.56156,3307,1773475199999
1773475200000,0.0970,0.0984,0.0969,0.0982,3768321.4,366918.48494,3464,1773489599999
1773489600000,0.0982,0.0985,0.0971,0.0975,2999465.4,293488.00585,3748,1773503999999
1773504000000,0.0975,0.0979,0.0970,0.0971,1708943.9,166378.59519,8315,1773518399999
1773518400000,0.0970,0.0990,0.0964,0.0985,3490907.5,341374.45066,3628,1773532799999
1773532800000,0.0985,0.1008,0.0982,0.1002,6164568.4,614661.82031,5709,1773547199999
1773547200000,0.1003,0.1019,0.0996,0.1011,7736631.1,781214.12988,6522,1773561599999
1773561600000,0.1012,0.1023,0.1004,0.1013,5035949.5,510035.27344,5290,1773575999999
1773576000000,0.1012,0.1014,0.0995,0.1000,4191737.6,421111.59843,4398,1773590399999
1773590400000,0.0999,0.1009,0.0998,0.1007,2800804.5,281049.86981,3231,1773604799999
1773604800000,0.1006,0.1016,0.1003,0.1011,3565939.1,360233.20520,3806,1773619199999
1773619200000,0.1011,0.1025,0.1005,0.1022,4121505.8,418256.60094,4334,1773633599999
1773633600000,0.1022,0.1033,0.1021,0.1027,6374086.6,655105.14058,5083,1773647999999
1773648000000,0.1027,0.1032,0.1019,0.1027,4121142.9,422488.51243,4352,1773662399999
1773662400000,0.1026,0.1037,0.1019,0.1023,6211313.2,638933.14928,5402,1773676799999
1773676800000,0.1023,0.1053,0.1022,0.1047,4784059.3,498473.60339,5191,1773691199999
1773691200000,0.1047,0.1096,0.1045,0.1093,19707764.5,2125815.39652,14827,1773705599999
1773705600000,0.1093,0.1099,0.1075,0.1087,11706801.6,1273242.71262,10064,1773719999999
1773720000000,0.1087,0.1098,0.1066,0.1084,7555928.7,819222.03577,6824,1773734399999
1773734400000,0.1085,0.1089,0.1071,0.1073,8341682.5,899330.03969,7668,1773748799999
1773748800000,0.1072,0.1077,0.1059,0.1070,6663018.4,710669.15148,8035,1773763199999
1773763200000,0.1070,0.1080,0.1068,0.1071,3544393.5,380637.00048,4754,1773777599999
1773777600000,0.1070,0.1083,0.1067,0.1067,2300011.7,246983.28939,3975,1773791999999
1773792000000,0.1067,0.1073,0.1055,0.1067,4962238.5,528283.95186,4191,1773806399999
1773806400000,0.1067,0.1086,0.1066,0.1084,3378818.9,363209.26786,3619,1773820799999
1773820800000,0.1085,0.1090,0.1056,0.1058,5277421.2,567531.46040,6826,1773835199999
1773835200000,0.1057,0.1058,0.0996,0.1007,13982783.5,1427755.81073,10096,1773849599999
1773849600000,0.1006,0.1012,0.0993,0.1003,5967181.5,598761.12861,5821,1773863999999
1773864000000,0.1004,0.1019,0.0998,0.1014,3893478.8,393704.11572,3545,1773878399999
1773878400000,0.1015,0.1024,0.1007,0.1018,2539796.4,258118.56223,3018,1773892799999
1773892800000,0.1017,0.1017,0.0985,0.0993,5325045.9,531956.85361,5032,1773907199999
1773907200000,0.0993,0.1001,0.0987,0.0988,3139617.5,311921.85679,3761,1773921599999
1773921600000,0.0989,0.0989,0.0958,0.0968,8469190.0,822245.67789,7089,1773935999999
1773936000000,0.0967,0.0981,0.0961,0.0978,3031570.4,294696.64538,4122,1773950399999